round,phase,lr,gate,aux_scale,a_ratio,a_mean_weight,a_effective_mass_per_u,a_wrong_mass_per_u,b_ratio,b_mean_weight,b_effective_mass_per_u,b_wrong_mass_per_u,c_ratio,b_score_only_candidates,b_score_only_accuracy,b_score_only_admitted,L_sup_effective,L_A_effective,L_B_effective,L_proto_effective,loss_reconstructed,L_feature_effective,teacher_b_visits,teacher_b_precision,bc_feature_std,rec_objective,rec_probe_only,loss_observed,u_visits,local_steps,trust_authority_mean,trust_valid_fraction,trust_refreshes,trusted_weight_gate
1,1,0.1499958877024134,0.0,0.0,0.05389597039473684,1.0,0.05389597039473684,0.02872121710526316,0.0,0.0,0.0,0.0,0.9461040296052632,0,0.0,0,1.1554591883954248,0.031703642137946235,0.0,0.0,1.187162830533371,0.0,0,0.0,0.0,0.0,0,1.1871628301708321,194560,760,0.0,0.0,0,0.0
2,1,0.14998355126061344,0.0,0.0,0.09188939144736842,1.0,0.09188939144736842,0.04904913651315789,0.0,0.0,0.0,0.0,0.9081106085526316,0,0.0,0,0.9444903954079277,0.06102767757461391,0.0,0.0,1.0055180729825415,0.0,0,0.0,0.0,0.0,0,1.0055180719808527,194560,760,0.0,0.0,0,0.0
3,1,0.14996299202742983,0.0,0.0,0.14249074835526315,1.0,0.14249074835526315,0.07471731085526316,0.0,0.0,0.0,0.0,0.8575092516447368,0,0.0,0,0.7477427407314903,0.08963844274473894,0.0,0.0,0.8373811834762293,0.0,0,0.0,0.0,0.0,0,0.8373811825717751,194560,760,0.0,0.0,0,0.0
4,1,0.14993421225741438,0.0,0.0,0.19288137335526315,1.0,0.19288137335526315,0.09500925164473684,0.0,0.0,0.0,0.0,0.8071186266447369,0,0.0,0,0.6312946542509292,0.11625495128350131,0.0,0.0,0.7475496055344305,0.0,0,0.0,0.0,0.0,0,0.7475496047813641,194560,760,0.0,0.0,0,0.0
5,1,0.149897215106593,0.0,0.0,0.1875,1.0,0.1875,0.0844006990131579,0.0,0.0,0.0,0.0,0.8125,0,0.0,0,0.6868470145242387,0.11310764059874265,0.0,0.0,0.7999546551229814,0.0,0,0.0,0.0,0.0,0,0.799954655217497,194560,760,0.0,0.0,0,0.0
6,1,0.14985200463212037,0.0,0.0,0.2379677220394737,1.0,0.2379677220394737,0.10770970394736842,0.0,0.0,0.0,0.0,0.7620322779605263,0,0.0,0,0.45530760703902495,0.14793022270637027,0.0,0.0,0.6032378297453952,0.0,0,0.0,0.0,0.0,0,0.6032378292397449,194560,760,0.0,0.0,0,0.0
7,1,0.14979858579183433,0.0,0.0,0.25628083881578945,1.0,0.25628083881578945,0.12670641447368422,0.0,0.0,0.0,0.0,0.7437191611842106,0,0.0,0,0.446736195056062,0.1562769216343602,0.0,0.0,0.6030131166904222,0.0,0,0.0,0.0,0.0,0,0.6030131168859569,194560,760,0.0,0.0,0,0.0
8,1,0.14973696444371284,0.0,0.0,0.30703125,1.0,0.30703125,0.10691817434210527,0.0,0.0,0.0,0.0,0.69296875,0,0.0,0,0.3704472061491718,0.18063670493368256,0.0,0.0,0.5510839110828544,0.0,0,0.0,0.0,0.0,0,0.5510839100534979,194560,760,0.0,0.0,0,0.0
9,1,0.149667147345231,0.0,0.0,0.3442485608552632,1.0,0.3442485608552632,0.15990439967105263,0.0,0.0,0.0,0.0,0.6557514391447369,0,0.0,0,0.30352499693828194,0.18792449882511345,0.0,0.0,0.49144949576339536,0.0,0,0.0,0.0,0.0,0,0.4914494954637791,194560,760,0.0,0.0,0,0.0
10,1,0.14958914215262048,0.0,0.0,0.3825349506578947,1.0,0.3825349506578947,0.17369449013157895,0.0,0.0,0.0,0.0,0.6174650493421052,0,0.0,0,0.25334192971257785,0.20324513347035175,0.0,0.0,0.45658706318292963,0.0,0,0.0,0.0,0.0,0,0.4565870634623264,194560,760,0.0,0.0,0,0.0
11,1,0.1495029574200297,0.0,0.0,0.3623252467105263,1.0,0.3623252467105263,0.1939710115131579,0.0,0.0,0.0,0.0,0.6376747532894737,0,0.0,0,0.2501651401190381,0.20186643005275218,0.0,0.0,0.4520315701717903,0.0,0,0.0,0.0,0.0,0,0.45203157092787716,194560,760,0.0,0.0,0,0.0
12,1,0.14940860259858582,0.0,0.0,0.40475431743421053,1.0,0.40475431743421053,0.13753083881578948,0.0,0.0,0.0,0.0,0.5952456825657895,0,0.0,0,0.19742668504385572,0.21608487191168885,0.0,0.0,0.41351155695554453,0.0,0,0.0,0.0,0.0,0,0.41351155613205937,194560,760,0.0,0.0,0,0.0
13,1,0.14930608803535828,0.0,0.0,0.41200143914473686,1.0,0.41200143914473686,0.20215871710526315,0.0,0.0,0.0,0.0,0.5879985608552631,0,0.0,0,0.1868385466599935,0.21707826805742164,0.0,0.0,0.40391681471741514,0.0,0,0.0,0.0,0.0,0,0.4039168148056457,194560,760,0.0,0.0,0,0.0
14,1,0.14919542497222416,0.0,0.0,0.4238486842105263,1.0,0.4238486842105263,0.20865542763157896,0.0,0.0,0.0,0.0,0.5761513157894737,0,0.0,0,0.16360495967398347,0.21663399346564946,0.0,0.0,0.38023895313963296,0.0,0,0.0,0.0,0.0,0,0.38023895295827015,194560,760,0.0,0.0,0,0.0
15,1,0.14907662554463533,0.0,0.0,0.4431640625,1.0,0.4431640625,0.16240748355263157,0.0,0.0,0.0,0.0,0.5568359375,0,0.0,0,0.16176077296075067,0.223062912972742,0.0,0.0,0.3848236859334927,0.0,0,0.0,0.0,0.0,0,0.3848236867275677,194560,760,0.0,0.0,0,0.0
16,1,0.1489497027802879,0.0,0.0,0.4493626644736842,1.0,0.4493626644736842,0.1822522615131579,0.0,0.0,0.0,0.0,0.5506373355263158,0,0.0,0,0.14320190574875788,0.22596491058602144,0.0,0.0,0.3691668163347793,0.0,0,0.0,0.0,0.0,0,0.3691668160651859,194560,760,0.0,0.0,0,0.0
17,1,0.1488146705976931,0.0,0.0,0.4582082648026316,1.0,0.4582082648026316,0.20933388157894736,0.0,0.0,0.0,0.0,0.5417917351973685,0,0.0,0,0.1494623319196858,0.22577159540041497,0.0,0.0,0.37523392732010075,0.0,0,0.0,0.0,0.0,0,0.37523392780046716,194560,760,0.0,0.0,0,0.0
18,1,0.1486715438046516,0.0,0.0,0.4541221217105263,1.0,0.4541221217105263,0.16237150493421051,0.0,0.0,0.0,0.0,0.5458778782894737,0,0.0,0,0.1751150564027117,0.2182757145186004,0.0,0.0,0.3933907709213121,0.0,0,0.0,0.0,0.0,0,0.39339077141331996,194560,760,0.0,0.0,0,0.0
19,1,0.14852033809662915,0.0,0.0,0.44879728618421055,1.0,0.44879728618421055,0.20782277960526316,0.0,0.0,0.0,0.0,0.5512027138157894,0,0.0,0,0.12980293404237417,0.22207645308226348,0.0,0.0,0.3518793871246376,0.0,0,0.0,0.0,0.0,0,0.3518793865450119,194560,760,0.0,0.0,0,0.0
20,1,0.14836107005503543,0.0,0.0,0.48155838815789476,1.0,0.48155838815789476,0.2056897615131579,0.0,0.0,0.0,0.0,0.5184416118421052,0,0.0,0,0.122704286291264,0.22581551918073706,0.0,0.0,0.34851980547200107,0.0,0,0.0,0.0,0.0,0,0.3485198060540777,194560,760,0.0,0.0,0,0.0
21,1,0.14819375714540606,0.0,0.0,0.5043225740131579,1.0,0.5043225740131579,0.19431537828947368,0.0,0.0,0.0,0.0,0.4956774259868421,0,0.0,0,0.11412102822091823,0.22321168553868406,0.0,0.0,0.3373327137596023,0.0,0,0.0,0.0,0.0,0,0.33733271321183755,194560,760,0.0,0.0,0,0.0
22,1,0.14801841771548702,0.0,0.0,0.5011204769736842,1.0,0.5011204769736842,0.1669973273026316,0.0,0.0,0.0,0.0,0.4988795230263158,0,0.0,0,0.10154003708402773,0.22587922047823666,0.0,0.0,0.3274192575622644,0.0,0,0.0,0.0,0.0,0,0.32741925759535084,194560,760,0.0,0.0,0,0.0
23,1,0.1478350709932227,0.0,0.0,0.4723889802631579,1.0,0.4723889802631579,0.19767166940789474,0.0,0.0,0.0,0.0,0.5276110197368421,0,0.0,0,0.11776052847333056,0.23182056232502585,0.0,0.0,0.3495810907983564,0.0,0,0.0,0.0,0.0,0,0.3495810907922293,194560,760,0.0,0.0,0,0.0
24,1,0.14764373708464731,0.0,0.0,0.5345343338815789,1.0,0.5345343338815789,0.20624486019736843,0.0,0.0,0.0,0.0,0.46546566611842105,0,0.0,0,0.0790472082665043,0.22576501074394112,0.0,0.0,0.3048122190104454,0.0,0,0.0,0.0,0.0,0,0.3048122187586207,194560,760,0.0,0.0,0,0.0
25,1,0.1474444369716801,0.0,0.0,0.5336040296052632,1.0,0.5336040296052632,0.13865131578947368,0.0,0.0,0.0,0.0,0.46639597039473685,0,0.0,0,0.10206503458811264,0.23161650161798064,0.0,0.0,0.3336815362060933,0.0,0,0.0,0.0,0.0,0,0.33368153693644625,194560,760,0.0,0.0,0,0.0
26,1,0.14723719250982437,0.0,0.0,0.535387541118421,1.0,0.535387541118421,0.18333675986842105,0.0,0.0,0.0,0.0,0.4646124588815789,0,0.0,0,0.07033674075317226,0.233387413179796,0.0,0.0,0.30372415393296825,0.0,0,0.0,0.0,0.0,0,0.3037241543790227,194560,760,0.0,0.0,0,0.0
27,1,0.14702202642577075,0.0,0.0,0.5413805509868421,1.0,0.5413805509868421,0.22081620065789473,0.0,0.0,0.0,0.0,0.4586194490131579,0,0.0,0,0.06897052747050399,0.23061050459938615,0.0,0.0,0.2995810320698901,0.0,0,0.0,0.0,0.0,0,0.2995810322855648,194560,760,0.0,0.0,0,0.0
28,1,0.14679896231490497,0.0,0.0,0.5532329358552631,1.0,0.5532329358552631,0.23042763157894736,0.0,0.0,0.0,0.0,0.4467670641447368,0,0.0,0,0.07134339876448441,0.23239991432546,0.0,0.0,0.3037433130899444,0.0,0,0.0,0.0,0.0,0,0.30374331264511534,194560,760,0.0,0.0,0,0.0
29,1,0.14656802463872076,0.0,0.0,0.5315224095394737,1.0,0.5315224095394737,0.16749588815789473,0.0,0.0,0.0,0.0,0.46847759046052634,0,0.0,0,0.08673749261897204,0.23187901539433944,0.0,0.0,0.3186165080133115,0.0,0,0.0,0.0,0.0,0,0.3186165079474449,194560,760,0.0,0.0,0,0.0
30,1,0.14632923872213652,0.0,0.0,0.5287571957236842,1.0,0.5287571957236842,0.22862356085526317,0.0,0.0,0.0,0.0,0.47124280427631576,0,0.0,0,0.08769048632637254,0.23584052928184207,0.0,0.0,0.3235310156082146,0.0,0,0.0,0.0,0.0,0,0.3235310158643283,194560,760,0.0,0.0,0,0.0
31,1,0.14608263075071895,0.0,0.0,0.5486790707236842,0.999803803256097,0.5485714216765605,0.1826864346151093,0.0,0.0,0.0,0.0,0.4513209292763158,0,0.0,0,0.09157490312538454,0.22912676219681377,0.0,0.0,0.3207594202728854,5.775495068710849e-05,0,0.0,0.036157141866064384,0.842851780041268,0,0.3207594206458644,194560,760,0.0013191491190043866,0.9775750411184211,40,0.0027390523158633555
32,1,0.14582822776781112,0.0,0.0,0.5011410361842106,0.9991094478081269,0.5006947439359991,0.2165710206535694,0.0,0.0,0.0,0.0,0.4988589638157895,0,0.0,0,0.09968117196848125,0.22601462909461636,0.0,0.0,0.3259373344659252,0.00024153340282761124,0,0.0,0.036740758676866166,0.8818137713168797,0,0.3259373343598686,194560,760,0.00505776921942781,0.9753752055921052,40,0.010926199633097156
33,1,0.14556605767156694,0.0,0.0,0.5300370065789474,0.9980798732188937,0.5290192683276377,0.19756104207205538,0.0,0.0,0.0,0.0,0.46996299342105263,0,0.0,0,0.07011357240813883,0.22235577184902994,0.0,0.0,0.2929238575800187,0.00045451332284995405,0,0.0,0.03706518982684142,0.7383461553799479,0,0.2929238576834139,194560,760,0.011577231306460148,0.9634560032894737,40,0.024471741852423234
34,1,0.14529614921189185,0.0,0.0,0.5438116776315789,0.9969039667640118,0.5421280186035131,0.2146774433014032,0.0,0.0,0.0,0.0,0.45618832236842105,0,0.0,0,0.07572057355305573,0.22410597226729517,0.0,0.0,0.30052753633882323,0.000700990518472329,0,0.0,0.03652928802920015,0.6415684721187541,0,0.3005275364082895,194560,760,0.02051504965945098,0.9569592927631579,40,0.04322727117869957
35,1,0.14501853198729012,0.0,0.0,0.5684313322368421,0.9944188493452385,0.5652588313347415,0.2284502239187101,0.0,0.0,0.0,0.0,0.4315686677631579,0,0.0,0,0.05680416801662527,0.22968813305426586,0.0,0.0,0.28733315723373765,0.000840856162846505,0,0.0,0.03652716611364954,0.4935445715722285,0,0.2873331577958245,194560,760,0.032556442562245616,0.9686729029605263,40,0.06698729810778065
36,1,0.14473323644161884,0.0,0.0,0.5626644736842106,0.9938791649134596,0.5592204972317344,0.20240856798512763,0.0,0.0,0.0,0.0,0.4373355263157895,0,0.0,0,0.05796318681861617,0.2329492430349714,0.0,0.0,0.2919407774923265,0.0010283476387389543,0,0.0,0.03650292377232721,0.42021841128405774,0,0.2919407772390466,194560,760,0.04543570060724098,0.9623766447368421,40,0.09549150281252627
37,1,0.14444029386074964,0.0,0.0,0.5350380345394737,0.9902944992931585,0.5298452225170638,0.2126399948653814,0.0,0.0,0.0,0.0,0.4649619654605263,0,0.0,0,0.05814691213982817,0.2279906265241535,0.0,0.0,0.2874371865916672,0.0012996479276855672,0,0.0,0.036655733322626664,0.3913448530200281,0,0.28743718678229735,194560,760,0.06016432853954795,0.9588610197368421,40,0.12842758726130288
38,1,0.14413973636913752,0.0,0.0,0.5926860608552632,0.9884865725001049,0.5858622128634077,0.14840045536954055,0.0,0.0,0.0,0.0,0.40731393914473685,0,0.0,0,0.048551274355697005,0.23029875857265372,0.0,0.0,0.2801578357415182,0.001307802813167463,0,0.0,0.035968797683323686,0.30254113876113764,0,0.2801578355070792,194560,760,0.08071681127246273,0.9808696546052632,40,0.16543469682057088
39,1,0.14383159692629857,0.0,0.0,0.5976768092105263,0.9831024500727551,0.587577535486535,0.15932783889829327,0.0,0.0,0.0,0.0,0.4023231907894737,0,0.0,0,0.04532457466917358,0.22626788546576312,0.0,0.0,0.27309160246046593,0.001499142325529216,0,0.0,0.03642016337988408,0.2750884595866266,0,0.2730916026783617,194560,760,0.09869860769494583,0.95986328125,40,0.2061073738537634
40,1,0.14351590932319505,0.0,0.0,0.6167094983552631,0.9840743898887386,0.6068880233325457,0.17496995846128188,0.0,0.0,0.0,0.0,0.3832905016447368,0,0.0,0,0.048266304117063744,0.22348887292962324,0.0,0.0,0.273240718374712,0.001485541328024977,0,0.0,0.036007946896317755,0.2217646246187781,0,0.2732407180102248,194560,760,0.11971146127111033,0.9510639391447369,40,0.24999999999999997
41,1,0.14319270817853014,0.0,0.0,0.6250873766447368,0.9767439635589589,0.6105503218346521,0.1705258487086547,0.0,0.0,0.0,0.0,0.37491262335526315,0,0.0,0,0.051815967478691355,0.22450014188101416,0.0,0.0,0.27800760451217155,0.0016914951524660481,0,0.0,0.03636757402043594,0.2096945511275216,0,0.2780076048974144,194560,760,0.14464193565869018,0.96669921875,40,0.2966316784620998
42,1,0.14286202893495145,0.0,0.0,0.5669510690789473,0.9726614946294773,0.5514514742321089,0.20256292995947756,0.0,0.0,0.0,0.0,0.4330489309210526,0,0.0,0,0.06394659934203925,0.2236014932099926,0.0,0.0,0.2898356369966151,0.0022875444445832585,0,0.0,0.03579669556041297,0.23955476566364892,0,0.2898356371412152,194560,760,0.16538080082912193,0.9680252878289474,40,0.3454915028125263
43,1,0.14252390785516453,0.0,0.0,0.5579923930921052,0.9658424791579022,0.5389327562953297,0.18427653042844644,0.0,0.0,0.0,0.0,0.44200760690789476,0,0.0,0,0.05940008386464079,0.2221530924306104,0.0,0.0,0.2842340177972801,0.0026808415020289095,0,0.0,0.03612172815360521,0.2405916929833199,0,0.2842340180748387,194560,760,0.18838249668478965,0.9545127467105263,40,0.39604415459112036
44,1,0.14217838201795596,0.0,0.0,0.5536287006578947,0.9647439109218181,0.5341099178712619,0.1897406606003642,0.0,0.0,0.0,0.0,0.4463712993421053,0,0.0,0,0.06436460623732082,0.21121199981946695,0.0,0.0,0.27880290279480463,0.0032262967380168113,0,0.0,0.03671301215102798,0.2512152452315939,0,0.2788029024965669,194560,760,0.20728397920335595,0.9355211759868421,40,0.4477357683661733
45,1,0.14182548931412758,0.0,0.0,0.5658408717105263,0.9525233000281375,0.5389766144125085,0.23681377320011196,0.0,0.0,0.0,0.0,0.4341591282894737,0,0.0,0,0.0610486591299138,0.21900163442876777,0.0,0.0,0.2835857106041849,0.0035354170455033644,0,0.0,0.03672475751587435,0.24141337581371006,0,0.28358571054904086,194560,760,0.2375563753572734,0.9535618832236842,40,0.49999999999999994
46,1,0.14146526844234109,0.0,0.0,0.6074475740131579,0.9448881414369635,0.5739700092296851,0.17818251099792848,0.0,0.0,0.0,0.0,0.3925524259868421,0,0.0,0,0.05044669386345624,0.21134095913485476,0.0,0.0,0.2653976791836995,0.0036100261853885297,0,0.0,0.03648074609472563,0.21821456536846726,0,0.2653976795116538,194560,760,0.2712379797900978,0.9602744654605263,40,0.5522642316338265
47,1,0.14109775890487442,0.0,0.0,0.5889340049342106,0.9513334015263584,0.5602725901886036,0.15717193633072862,0.0,0.0,0.0,0.0,0.41106599506578945,0,0.0,0,0.05349011868667348,0.217653364786192,0.0,0.0,0.2753100311864584,0.004166547713592943,0,0.0,0.03665205615719682,0.2248058758676052,0,0.275310031422659,194560,760,0.2897433410937849,0.9651418585526316,40,0.6039558454088796
48,1,0.14072300100328974,0.0,0.0,0.6199835526315789,0.9561704129498491,0.5928099295418513,0.1689829892356341,0.0,0.0,0.0,0.0,0.38001644736842105,0,0.0,0,0.04284778149709669,0.2112084382458737,0.0,0.0,0.2583113379500757,0.004255118207105338,0,0.0,0.03673747289729746,0.20645153386224258,0,0.25831133690907765,194560,760,0.31441648035849395,0.9437037417763158,40,0.6545084971874738
49,1,0.14034103583401422,0.0,0.0,0.6052631578947368,0.9442379150053729,0.5715124222400941,0.15422610114328564,0.0,0.0,0.0,0.0,0.39473684210526316,0,0.0,0,0.046697155234256854,0.20426402763512574,0.0,0.0,0.25584489416459727,0.0048837112952146286,0,0.0,0.037014098411523984,0.214498457587079,0,0.2558448943162435,194560,760,0.3322434747101445,0.9308079769736842,40,0.7033683215379
50,1,0.13995190528383286,0.0,0.0,0.5812448601973684,0.9407160008586232,0.5467863404044979,0.17799326909313862,0.0,0.0,0.0,0.0,0.41875513980263157,0,0.0,0,0.04547622570535168,0.2101086665337023,0.0,0.0,0.2611919980456342,0.005607105806580206,0,0.0,0.03692219103441426,0.22428422811392107,0,0.2611919975202335,194560,760,0.34543801626484644,0.9130242598684211,40,0.7499999999999999
51,1,0.13955565202529577,0.0,0.0,0.6101254111842105,0.9435463886808256,0.5756816283652657,0.11966401817228058,0.0,0.0,0.0,0.0,0.38987458881578946,0,0.0,0,0.041907512938977515,0.20744163898849174,0.0,0.0,0.254828895935268,0.005479744007798696,0,0.0,0.03655345206590075,0.20071972995800408,0,0.2548288959323576,194560,760,0.38307992004250224,0.9605006167763158,40,0.7938926261462365
52,1,0.13915231951203802,0.0,0.0,0.5950041118421052,0.9320659419306534,0.5545830679567236,0.14620832712879697,0.0,0.0,0.0,0.0,0.4049958881578947,0,0.0,0,0.03150283623499012,0.20636535359448507,0.0,0.0,0.24419256785798718,0.006324378028512001,0,0.0,0.036649648565799,0.21320642659342603,0,0.24419256787943214,194560,760,0.3929730906494354,0.9432257401315789,40,0.8345653031794289
53,1,0.1387419519740148,0.0,0.0,0.6111790707236842,0.9285746882204049,0.5675254150440818,0.19025531845216295,0.0,0.0,0.0,0.0,0.3888209292763158,0,0.0,0,0.039799532708620015,0.20240822504029463,0.0,0.0,0.2485774041053925,0.006369646356477843,0,0.0,0.036543679457942124,0.19854513366559617,0,0.24857740438494244,194560,760,0.4126018640046057,0.9345189144736842,40,0.8715724127386972
54,1,0.13832459441265113,0.0,0.0,0.5966334292763158,0.9245517151776443,0.5516184603697375,0.1938753648563043,0.0,0.0,0.0,0.0,0.4033665707236842,0,0.0,0,0.04698141591568281,0.20912509988013067,0.0,0.0,0.263116698193756,0.0070101823979424995,0,0.0,0.036185413456865045,0.20290462358021422,0,0.26311669906503277,194560,760,0.421211262498247,0.9275596217105263,40,0.9045084971874735
55,1,0.1379002925959068,0.0,0.0,0.6231342516447368,0.9196240526041057,0.5730492458139596,0.14919938969572907,0.0,0.0,0.0,0.0,0.37686574835526315,0,0.0,0,0.04243433849233521,0.19976619059514059,0.0,0.0,0.2490812536462296,0.0068807245587537945,0,0.0,0.036051167072238106,0.18566922912080036,0,0.24908125329958766,194560,760,0.45170076624735406,0.937659333881579,40,0.9330127018922194
56,1,0.13746909305325744,0.0,0.0,0.6116365131578947,0.9293732691532424,0.5684386257670427,0.14594584009610118,0.0,0.0,0.0,0.0,0.38836348684210525,0,0.0,0,0.039876919875907905,0.19942363386875706,0.0,0.0,0.24684605388794906,0.007545500143284077,0,0.0,0.036641608668785346,0.19052169494526952,0,0.24684605321993952,194560,760,0.4453724798403288,0.9321134868421053,40,0.9567727288213005
57,1,0.13703104307059216,0.0,0.0,0.6143246299342106,0.9237911367700036,0.5675076482327361,0.14259400828067506,0.0,0.0,0.0,0.0,0.38567537006578945,0,0.0,0,0.03265836645181193,0.20300067005384909,0.0,0.0,0.2433911885536202,0.007732152047959205,0,0.0,0.036687984641053176,0.18332071896446378,0,0.24339118927325074,194560,760,0.45979317865873637,0.9392012746710526,40,0.9755282581475767
58,1,0.13658619068502784,0.0,0.0,0.6055509868421053,0.9214467498510944,0.5579829886947808,0.16655612793554994,0.0,0.0,0.0,0.0,0.3944490131578947,0,0.0,0,0.031165749469073488,0.20780584710208994,0.0,0.0,0.24756496622392565,0.008593369652762224,0,0.0,0.03638577865142571,0.1919294794041075,0,0.2475649654767231,194560,760,0.45575037231962934,0.9119192023026316,40,0.989073800366903
59,1,0.13613458467964154,0.0,0.0,0.6236173930921053,0.9235060580432237,0.5759144404216816,0.1519376274210548,0.0,0.0,0.0,0.0,0.3763826069078947,0,0.0,0,0.031625691430465515,0.20610271087406498,0.0,0.0,0.2460490161177739,0.008320613813243415,0,0.0,0.03612875863419552,0.17560261286010867,0,0.24604901571414972,194560,760,0.46290383983991645,0.9142423930921053,40,0.9972609476841364
60,1,0.13567627457812104,0.0,0.0,0.6151932565789474,0.9145367514683562,0.5626168423969494,0.18613736133189185,0.0,0.0,0.0,0.0,0.38480674342105264,0,0.0,0,0.03523539424212159,0.20035525044230254,0.0,0.0,0.24452597646128485,0.008935331776860709,0,0.0,0.0363181981797281,0.1787066325349243,0,0.2445259764888569,194560,760,0.4582245120876714,0.906995271381579,40,1.0
61,1,0.13521131063933362,0.0,0.0,0.635546875,0.9103360054999127,0.5785612034954523,0.13431512847922644,0.0,0.0,0.0,0.0,0.364453125,0,0.0,0,0.03818399455631152,0.2001355093364653,0.0,0.0,0.2469129084652339,0.008593404572457075,0,0.0,0.035603201565773866,0.16332055506737608,0,0.2469129086619145,194560,760,0.4778254029390059,0.935546875,40,1.0
62,1,0.13473974385181473,0.0,0.0,0.6276675575657895,0.9081620878051031,0.5700238795264772,0.13429279152769596,0.0,0.0,0.0,0.0,0.37233244243421054,0,0.0,0,0.04067881286012524,0.19960554496042038,0.0,0.0,0.24977682395853518,0.009492466137989571,0,0.0,0.03629269003868103,0.17188269035204462,0,0.24977682394612777,194560,760,0.47807559633725566,0.9530016447368421,40,1.0
63,1,0.13426162592817675,0.0,0.0,0.6272409539473685,0.9298876059973946,0.5832635890496405,0.17113754822823563,0.0,0.0,0.0,0.0,0.3727590460526316,0,0.0,0,0.03209753019863887,0.19426002750467314,0.0,0.0,0.23618975727616712,0.009832199572855117,0,0.0,0.03640852468578439,0.1700433469230407,0,0.23618975781688564,194560,760,0.4643156292407136,0.8951069078947368,40,1.0
64,1,0.13377700929943795,0.0,0.037037037037037035,0.6133069490131579,0.9303139564423049,0.5705680142499898,0.14229170728082718,0.2867033305921053,0.023805938550103115,0.0068252418701855565,0.0034757900944800656,0.09998972039473684,0,0.0,0,0.02517849942225056,0.1953214901548467,0.009438049421077467,0.005706984587231575,0.2456678386517225,0.010022815066316214,55781,0.5790502142306521,0.03657968058495929,0.16595278127413046,0,0.24566783889343863,194560,760,0.4445933194144776,0.8853053042763158,40,1.0
65,1,0.1332859471092728,0.0,0.07407407407407407,0.6477796052631579,0.9251180220576459,0.5992725871503353,0.11399656577329886,0.2619397615131579,0.04615364151570977,0.0120894738515888,0.006013968909361498,0.09028063322368421,0,0.0,0,0.02226417868300096,0.19140486662325107,0.01631275768596933,0.011048282269845926,0.25016804041501156,0.009137955152944318,50963,0.5538135510075938,0.036690925551872505,0.1451829757541418,0,0.2501680404732102,194560,760,0.45796822140875615,0.9002621299342105,40,1.0
66,1,0.1327884932081842,0.0,0.1111111111111111,0.6148694490131579,0.916808064748884,0.5637172696229659,0.13607282085393213,0.28331106085526314,0.06840476164941775,0.019379825590447965,0.010371648685050834,0.10181949013157894,0,0.0,0,0.03496266307591118,0.18936997325600763,0.032036887200777985,0.016836174102554544,0.2837361537583161,0.01053045612306481,55121,0.5106583697683279,0.03624136720931059,0.1608910591488606,0,0.28373615502526883,194560,760,0.4741758615758858,0.943616365131579,40,1.0
67,1,0.13228470214759813,0.0,0.14814814814814814,0.6361225328947369,0.9257885412733571,0.5889149517997315,0.11967221760852753,0.26941817434210524,0.09293914906030445,0.025039495864736014,0.012505736751451255,0.0944592927631579,0,0.0,0,0.026755886549577362,0.18680247420347051,0.032533836093881906,0.021872346410509672,0.27877244531087914,0.010807902053439695,52418,0.5575565645388989,0.03687152068473791,0.1591306986973474,0,0.27877244408193386,194560,760,0.4659675012293615,0.9208624588815789,40,1.0
68,1,0.13177462917388172,0.0,0.18518518518518517,0.6126850328947369,0.9159606072627547,0.561195354791064,0.15278573381886082,0.28583470394736843,0.11677496385498887,0.03337833722195539,0.017885022321838494,0.10148026315789474,0,0.0,0,0.0239160831502216,0.18325677135665167,0.0440514987882873,0.026576115798067165,0.28886188297224386,0.01106141387901612,55612,0.5825001798173056,0.03660521432757378,0.15726346083377538,0,0.2888618826670082,194560,760,0.45584160077728725,0.8930972450657895,40,1.0
69,1,0.13125833022228447,0.0,0.2222222222222222,0.5885844983552632,0.916594832789735,0.5394935098525725,0.14195532813717268,0.29814967105263157,0.1379784983760685,0.04113824390316088,0.02165460013416841,0.11326583059210527,0,0.0,0,0.030894750765506424,0.18307169882678673,0.052758248080635624,0.03245564046310403,0.31163085307079375,0.012450514934760959,58008,0.5500275824024272,0.03649323013562121,0.17125992264206472,0,0.3116308553046302,194560,760,0.46296480631357745,0.8983295641447369,40,1.0
70,1,0.13073586191080455,0.0,0.25925925925925924,0.6421463815789473,0.9282757672440985,0.596088925043219,0.09866338589069384,0.26343544407894737,0.15942089821957683,0.041997115117938896,0.01960141553702813,0.09441817434210527,0,0.0,0,0.025403114610373066,0.1821877570724801,0.0570505419695209,0.03753303991423713,0.3137053619273699,0.011530908360758698,51254,0.5486791274827331,0.03657310760923122,0.15374543858005812,0,0.3137053589091489,194560,760,0.47812012592820746,0.925133634868421,40,1.0
71,1,0.13020728153398006,0.0,0.2962962962962963,0.6305252878289473,0.9171612020196753,0.5782933308889991,0.09375526914311769,0.2692999588815789,0.1813550651136024,0.048838911578059196,0.023095828007698355,0.10017475328947369,0,0.0,0,0.02249869598875337,0.17987407635113126,0.06042778143263467,0.04249282457675153,0.31718725159989747,0.011893873250626616,52395,0.5712949708941693,0.03685319434459272,0.15400197830443318,0,0.3171872514251031,194560,760,0.4752362131484245,0.9139083059210527,40,1.0
72,1,0.12967264705660586,0.0,0.33333333333333326,0.6131681743421052,0.913560452162505,0.5601661946036314,0.11738942737789139,0.28241673519736843,0.20218879614591942,0.05710149970101683,0.027516290057744634,0.10441509046052631,0,0.0,0,0.021011820068662545,0.17929731603515775,0.0660135431574625,0.04574989223166517,0.324817771709375,0.012745200216427053,54947,0.5963746883360329,0.03719019484951308,0.16054061130669556,0,0.3248177747977407,194560,760,0.469040580623244,0.9082236842105263,40,1.0
73,1,0.12913201710737718,0.0,0.37037037037037035,0.6041272615131579,0.9259075919399998,0.5593660179329546,0.12791920002108734,0.2870271381578947,0.23323736683651725,0.06694545391456862,0.032204678461053654,0.10884560032894737,0,0.0,0,0.01999269960766756,0.18017831081034322,0.07287295778839328,0.052102750109882606,0.3374897484800354,0.01234303016374868,55844,0.6392808538070339,0.0371924342979726,0.15151139420310133,0,0.33748974619727384,194560,760,0.43534296102037556,0.8428865131578948,40,1.0
74,1,0.12858545097246024,0.0,0.4074074074074074,0.6054327713815789,0.9249940369435278,0.5600217032981546,0.10902081339889647,0.28910361842105264,0.2549906091065448,0.07371870775609032,0.03399029346856926,0.10546361019736843,0,0.0,0,0.019701536422393185,0.18461841630112183,0.07803437769990305,0.05602299742066604,0.3509126607367379,0.012535332892653777,56248,0.6322891480585976,0.03690871002740766,0.1502019401345598,0,0.35091265873297267,194560,760,0.4359886193746015,0.8395764802631579,40,1.0
75,1,0.12803300858899105,0.0,0.4444444444444444,0.6448653371710527,0.9247611410577068,0.5963464050308654,0.10281294193608981,0.2608655427631579,0.2766913557163474,0.07217924068681895,0.03256796971392377,0.09426912006578947,0,0.0,0,0.017306615996992486,0.18063108702435304,0.07656151775096418,0.061564491792031904,0.3475791457652952,0.011515433200953626,50754,0.6191039129920795,0.03683054420214735,0.13491168820152158,0,0.34757914800000816,194560,760,0.4477522182229318,0.8568564967105263,40,1.0
76,1,0.1274747505385024,0.0,0.48148148148148157,0.6193205180921053,0.919508238917906,0.5694703189165968,0.11322399819649658,0.2787623355263158,0.30021631052135517,0.08368899988402662,0.03763563891590916,0.10191714638157895,0,0.0,0,0.015301167797818045,0.17830257406948427,0.08027122674662379,0.06450242902451789,0.3506986908172427,0.012321293178798728,54236,0.6513017184158124,0.03711801713920738,0.14136855293457445,0,0.35069869199865744,194560,760,0.4281288061290979,0.8252518503289473,40,1.0
77,1,0.1269107380402805,0.0,0.5185185185185185,0.6430766858552631,0.9281433757812259,0.5968673660959068,0.0861562207279923,0.25972450657894736,0.3242950477198487,0.08422737125503389,0.03596208592031249,0.09719880756578947,0,0.0,0,0.02127613674973346,0.17878360157146267,0.08764961248565079,0.06926500084572136,0.3689583671617849,0.011984015509216605,50532,0.6157088577535027,0.03707177458625091,0.1348681024667856,0,0.36895836342714333,194560,760,0.4589010741953787,0.8773540296052632,40,1.0
78,1,0.12634103294465165,0.0,0.5555555555555556,0.6516190378289474,0.9157065152172253,0.5966917983795467,0.08053035034007687,0.2552477384868421,0.3382795709044744,0.08634509544966644,0.03628356445712454,0.09313322368421052,0,0.0,0,0.014721196854493189,0.1701588925072237,0.08522545788382666,0.07289703323652871,0.35504210106805534,0.012039520585983012,49661,0.6024043011618775,0.037377854603293695,0.13310566109752184,0,0.3550421045014733,194560,760,0.4580448443168088,0.8719880756578947,40,1.0
79,1,0.12576569772619958,0.0,0.5925925925925926,0.6116416529605263,0.9202546130516859,0.5628660526714827,0.10397351876048273,0.27931229440789473,0.36981832674218584,0.10329480535644842,0.04722973989494341,0.10904605263157895,0,0.0,0,0.024405149437677066,0.18514496938962685,0.10882530108123262,0.0781754864958527,0.41019024314180125,0.013639336737411979,54343,0.5736341387115176,0.037220156687851016,0.14836085713713576,0,0.41019024256812897,194560,760,0.4453589466841597,0.8529965049342105,40,1.0
80,1,0.12518479547691438,0.0,0.6296296296296298,0.6186780427631579,0.9146801764657848,0.5658925413301117,0.09918274063567974,0.2784231085526316,0.38802507358964394,0.10803514718519229,0.04626723898966846,0.10289884868421052,0,0.0,0,0.017322537509225137,0.17469490802797832,0.09508103027006658,0.08106762379988826,0.38148397540653817,0.01331787579937985,54170,0.6639468340409821,0.037513340058687485,0.1427405571663066,0,0.38148397268041184,194560,760,0.4301047463558222,0.8197831003289474,40,1.0
81,1,0.12459838989927391,0.0,0.6666666666666665,0.6186420641447369,0.9151489361005792,0.5661496268291223,0.08994730170632369,0.2713353207236842,0.4018727199020222,0.10904226334471452,0.04859275687669747,0.11002261513157895,0,0.0,0,0.018353293284369437,0.18034158956847693,0.10854610898286889,0.08410112852590125,0.40454434048713245,0.013202220125515994,52791,0.5917107082646663,0.03720392064730588,0.13963167140456406,0,0.4045443469952596,194560,760,0.4474675998091698,0.8537314967105263,40,1.0
82,1,0.1240065452992579,0.0,0.7037037037037036,0.5719006990131579,0.9113004122694995,0.5211733427879057,0.11942602997939837,0.3059416118421053,0.43962640932479313,0.13450001227718436,0.061373761899181103,0.12215768914473685,0,0.0,0,0.021783957337749214,0.18728591597786076,0.12057451960389262,0.08792445066902374,0.4328685353998283,0.01529969181130199,59524,0.6302163833075735,0.03757230116936721,0.15990936574771217,0,0.43286853232666067,194560,760,0.43158657127305083,0.8512541118421053,40,1.0
83,1,0.1234093265792963,0.0,0.7407407407407407,0.6126593338815789,0.9240334855736996,0.5661177397558563,0.11086310609856523,0.2779348273026316,0.45428402811192387,0.1262613528996314,0.055442375219181966,0.10940583881578947,0,0.0,0,0.019595423437184716,0.1842063279430333,0.11823102494894178,0.09210599644607038,0.4285715733272291,0.014432800551998968,54075,0.6198428109107721,0.03753552601525658,0.14928574889506163,0,0.42857157023329484,194560,760,0.4437481408448596,0.8473530016447368,40,1.0
84,1,0.12280679923115176,0.0,0.7777777777777779,0.6203330592105263,0.9125057703791356,0.5660574960865472,0.09413997992370768,0.27265625,0.4761290515175665,0.1298195617028365,0.05381648398500769,0.10701069078947369,0,0.0,0,0.019812087661212948,0.1818405603303721,0.12094646232224436,0.09278917326041831,0.429088250095054,0.013699966520806284,53048,0.6187980696727492,0.037649534559367516,0.14043638450338652,0,0.42908825580226745,194560,760,0.4406692324108199,0.8520816200657895,40,1.0
85,1,0.1221990293287378,0.0,0.8148148148148148,0.6377055921052631,0.9135647278796221,0.582585335718958,0.08137653017980291,0.26295744243421054,0.490525387503213,0.12898730134689493,0.0533392043245074,0.09933696546052631,0,0.0,0,0.017305274390061017,0.17496311385184526,0.10662807317988013,0.09750381630763674,0.4093470325183785,0.01294675478895538,51161,0.664295068509216,0.03791028103350024,0.13171152770029088,0,0.40934702987341504,194560,760,0.43834632395913725,0.8457339638157895,40,1.0
86,1,0.12158608352087329,0.0,0.8518518518518519,0.6321083470394737,0.9195509395737551,0.5812558244325613,0.06817566108166877,0.26166735197368424,0.5209527724713199,0.13631633247591948,0.053799221266404185,0.1062243009868421,0,0.0,0,0.015869635199564264,0.17628437640439523,0.11702744150298264,0.10012674718630478,0.42251431046921545,0.013206110175968589,50910,0.6496955411510509,0.038141728569998555,0.13351996613078213,0,0.42251431565535696,194560,760,0.4294541228366526,0.8312911184210526,40,1.0
87,1,0.12096802902397326,0.0,0.8888888888888888,0.6107421875,0.9121678985929063,0.5570994177539098,0.10621728275927078,0.2765162417763158,0.5312892670112817,0.14691011141005314,0.06610816694109847,0.11274157072368421,0,0.0,0,0.02023583954371708,0.194433678294483,0.1354942997950211,0.10575442590211566,0.4699559463567525,0.014037702821415702,53799,0.60149816911095,0.03763280891274151,0.1412465140223503,0,0.4699559501127193,194560,760,0.44962121314908327,0.86259765625,40,1.0
88,1,0.12034493361467813,0.0,0.9259259259259258,0.6275853207236842,0.9117917364934687,0.5722271093804585,0.08517906362631995,0.26761410361842103,0.5512128845579851,0.1475123420039094,0.06142590768316663,0.10480057565789473,0,0.0,0,0.017507993769494964,0.18259270346086276,0.13173484072573918,0.10725994714577529,0.45311335727967184,0.014017872177799673,52067,0.6080050703900743,0.037581932074145265,0.1405637319346792,0,0.45311335164465405,194560,760,0.4637436132485929,0.877770353618421,40,1.0
89,1,0.1197168656224212,0.0,0.9629629629629631,0.5819644325657894,0.9099615382187166,0.5295652502461483,0.09629105294588954,0.2950400904605263,0.5828857267035625,0.1719746575347687,0.0726900350559797,0.12299547697368421,0,0.0,0,0.019271066068138585,0.19204759197799784,0.14423616742551848,0.10808982387446521,0.47895803183516317,0.015313382489043043,57403,0.6269010330470532,0.03775723047162357,0.1532388264999578,0,0.4789580346722352,194560,760,0.4435414004678789,0.8581465871710526,40,1.0
90,1,0.11908389392193551,0.0,1.0,0.6244449013157894,0.9147451262790717,0.5712079301084343,0.07162576341284684,0.26690995065789475,0.5917556375752931,0.15794546802675252,0.06389478790622792,0.1086451480263158,0,0.0,0,0.018503729945070133,0.18437710712222677,0.13143194178119302,0.10956714192503376,0.45778853607809744,0.013908615304573782,51930,0.6059310610437126,0.03823022228224497,0.13908615066228727,0,0.45778853842302375,194560,760,0.4493314311888657,0.8785978618421053,40,1.0
91,2,0.11844608792570092,0.0012179748700879012,1.0,0.5962376644736842,0.907443677650263,0.5410520990036036,0.1041905907840517,0.28429276315789476,0.5964511402742277,0.16956674275723727,0.07173763529127954,0.11946957236842105,0,0.0,0,0.019691748921085443,0.19231895357370377,0.14330610146648007,0.04511401032930927,0.4155079104151504,0.015077096124571797,55312,0.6245118599942147,0.037853274009141485,0.15077095853262826,0,0.41550790904776047,194560,760,0.4437019510880897,0.8566509046052632,40,1.0
92,2,0.1178035175763324,0.004865965629214818,1.0,0.6139442845394737,0.910615259103515,0.559067033741035,0.08608817303933106,0.26966488486842105,0.5923668055202996,0.15974052641050596,0.06505439697372678,0.11639083059210527,0,0.0,0,0.01564679090615276,0.1819923799681036,0.14052549822157936,0.039791859192283535,0.39262532603566996,0.01466879774755063,52466,0.6208973430412077,0.03778522815555334,0.14668797520234397,0,0.3926253263691538,194560,760,0.4498508813545892,0.8454204358552632,40,1.0
93,2,0.1171562533389098,0.010926199633097156,1.0,0.6305869654605263,0.9194152543986425,0.5797712752693578,0.07832673383067901,0.2601254111842105,0.6029786506205108,0.1568500694279608,0.061374381704770616,0.10928762335526315,0,0.0,0,0.015088173307748021,0.1751727317704966,0.12853667039032046,0.042727031437189956,0.3747089937584181,0.01318438685266301,50610,0.6476190476190476,0.03788239585823919,0.13184386618729485,0,0.3747089940074243,194560,760,0.44194058856289636,0.8373509457236842,40,1.0
94,2,0.11650436619325077,0.019369152030840553,1.0,0.6095960115131579,0.9101381497514868,0.5548165860144716,0.09070135202920554,0.2738229851973684,0.5997014382164112,0.16421203803957293,0.06416845022038997,0.11658100328947368,0,0.0,0,0.01640100339527156,0.18451750052014465,0.1321560421223311,0.04137735035858656,0.3886012403698988,0.014149343973564866,53275,0.6489723134678554,0.03751693992924533,0.1414934371647082,0,0.38860124047649536,194560,760,0.43483458835827676,0.8394017269736842,40,1.0
95,2,0.115847927626127,0.03015368960704579,1.0,0.6282791940789474,0.9162720486268895,0.5756746642683682,0.07603857757425622,0.2622275904605263,0.6003152454784241,0.15741922033852654,0.06283103312414727,0.10949321546052632,0,0.0,0,0.01654627852786737,0.1822998758503481,0.13140602363273501,0.04019956240136373,0.3840324403984797,0.013580699986165488,51019,0.6336462886375664,0.03742535168697175,0.13580699740467886,0,0.3840324404012216,194560,760,0.4379676287111483,0.8362870065789474,40,1.0
96,2,0.11518700962342474,0.04322727117869957,1.0,0.6380293996710527,0.914961606767562,0.5837724046879693,0.07926876775393459,0.2556949013157895,0.5970153796708286,0.1526537885889411,0.05899252160819934,0.10627569901315789,0,0.0,0,0.016546594299832483,0.17851949328262556,0.1236156279319211,0.03861612608166118,0.3700975835310008,0.012799741934960415,49748,0.6516643885181314,0.03775027573206707,0.1279974173362318,0,0.3700975836303673,194560,760,0.43273160606622696,0.8337787828947368,40,1.0
97,2,0.11452168466225081,0.0585262035705365,1.0,0.6460063733552631,0.9175663738130392,0.5927537254597012,0.07457606794900801,0.24830386513157895,0.5851210780727076,0.14528782525540967,0.05793666377001883,0.1056897615131579,0,0.0,0,0.01724334898432349,0.18089886690048795,0.13405949255500577,0.04043049666442369,0.38555032749700135,0.012918122392760491,48310,0.5762368039743324,0.037210973700214374,0.12918122156376116,0,0.38555032783433013,194560,760,0.46088546038066086,0.8838815789473684,40,1.0
98,2,0.11385202570298474,0.07597595192178702,1.0,0.6174856085526316,0.9059883266532103,0.5594347532250379,0.09071563420890781,0.27088301809210524,0.5920160950002635,0.1603671065727739,0.0665016116041347,0.11163137335526316,0,0.0,0,0.017885673755173276,0.17465788574987337,0.12859216098134454,0.03942128255963325,0.3739470216403041,0.01339001859427969,52703,0.6401912604595564,0.037040248596550605,0.13390018375296342,0,0.3739470226984275,194560,760,0.4383305660007816,0.8403063322368421,40,1.0
99,2,0.11317810618127784,0.09549150281252627,1.0,0.6324013157894737,0.9077997300032676,0.5740937437273954,0.06104954644351413,0.25525801809210524,0.5881987885626343,0.1501424570126753,0.056561847171427586,0.11234066611842106,0,0.0,0,0.0162849690510101,0.17560367323458195,0.12937412424209085,0.03617592456701555,0.37071722043186467,0.01327852933716617,49663,0.6026418057708959,0.03701730934706958,0.13278529084728738,0,0.3707172191652812,194560,760,0.44874004341269796,0.84306640625,40,1.0
100,2,0.11249999999999998,0.116977778440511,1.0,0.6364412006578948,0.9155208215560544,0.5826751708984375,0.07175821126346771,0.2546720805921053,0.5887128753006169,0.14992873282416871,0.05768406936580217,0.10888671875,0,0.0,0,0.014193402517565502,0.1752181394907989,0.12432877922332601,0.03624434668962893,0.363045932141724,0.013061264220404586,49549,0.6412036569860139,0.03729575170988315,0.1306126400240158,0,0.3630459323133293,194560,760,0.4460860285123712,0.8472347861842106,40,1.0
101,2,0.11181778152113558,0.1403300998306744,1.0,0.6412828947368421,0.9086819299828489,0.5827221784544618,0.08493678983190636,0.2525853207236842,0.5777710609606033,0.14593648873759726,0.05930171155334009,0.10613178453947368,0,0.0,0,0.014188346429498204,0.17778058602033478,0.12362953411464236,0.03629794721344584,0.3643786143445514,0.012482200566630222,49143,0.6332539730989154,0.037034544525177855,0.1248220036345485,0,0.3643786154295269,194560,760,0.45456977435632756,0.8791786595394737,40,1.0
102,2,0.1111315255576286,0.16543469682057088,1.0,0.6147358141447369,0.9120101420947918,0.560645297208899,0.08184113858304427,0.26658614309210527,0.5910029447078475,0.1575531955857418,0.06029992874368633,0.1186780427631579,0,0.0,0,0.015117515345015195,0.17984172624388808,0.1344881760495666,0.035212233407716995,0.3780920556050229,0.013432404558836042,51867,0.6299766711010855,0.037036603027464525,0.13432404326863195,0,0.37809205566974063,194560,760,0.43558067197078154,0.8385999177631579,40,1.0
103,2,0.11044130736517904,0.19216926233717083,1.0,0.6309673108552631,0.9027048877670665,0.5695772755302881,0.06874051040013958,0.2596474095394737,0.5786761296843893,0.15025175803488022,0.0570775322101422,0.10938527960526316,0,0.0,0,0.013255282610847836,0.17504269779708825,0.1272296246337263,0.03538791011626783,0.36359505085193394,0.012679535694003694,50517,0.6183265039491657,0.03678547369414254,0.12679535477471196,0,0.36359505096548483,194560,760,0.4595906810344834,0.873766447368421,40,1.0
104,2,0.10974720263398964,0.2204035482646266,1.0,0.6136975740131579,0.9060588010510539,0.5560460881183021,0.0739467253712447,0.26913034539473685,0.584528914438085,0.1573144686359324,0.06177001312179001,0.11717208059210527,0,0.0,0,0.01630642537631119,0.17981184170042214,0.127845186269597,0.038645937856482834,0.37585357829208466,0.01324418708927145,52362,0.6351743630877353,0.037026503544889,0.1324418687212624,0,0.37585357731502306,194560,760,0.44534533692425804,0.8612458881578947,40,1.0
105,2,0.10904928748046602,0.24999999999999997,1.0,0.6106753700657894,0.9130183447361792,0.5575578155486207,0.09031041164539362,0.2720754523026316,0.6011459007201929,0.16355704283831934,0.0629658533247972,0.11724917763157895,0,0.0,0,0.017655181254437928,0.1793343341664264,0.1303703620980837,0.03479515186069828,0.37597088155584824,0.013815852176201971,52935,0.6808727684896572,0.03679579255220137,0.1381585196052727,0,0.3759708800009991,194560,760,0.41773523247163546,0.8103567023026316,40,1.0
106,2,0.10834763843886955,0.28081442660546135,1.0,0.6339021381578948,0.9174024901543026,0.5815434000601895,0.0730709440849942,0.25654296875,0.5793780842973414,0.14863537377432773,0.05869026824856471,0.10955489309210527,0,0.0,0,0.014036127296506157,0.18050676229360857,0.12737006144598126,0.033326455689966686,0.36773858307540647,0.01249917634934383,49913,0.5986817061687336,0.03681737440393159,0.12499176149109477,0,0.36773858309576385,194560,760,0.44085341568448044,0.8369192023026316,40,1.0
107,2,0.10764233245292454,0.31269670329204385,1.0,0.6169767680921052,0.9031086120079211,0.5571970326727942,0.07800468054544916,0.2683233963815789,0.5849660262078712,0.15696007091993172,0.06229704534022235,0.11469983552631578,0,0.0,0,0.016389438985329196,0.1748275392835862,0.1329364904668182,0.034294682862727265,0.3715848509450657,0.013136699346604904,52205,0.6433866487884302,0.03646023565609204,0.13136699116347653,0,0.371584850255596,194560,760,0.4489299242237681,0.8484169407894737,40,1.0
108,2,0.10693344686738046,0.3454915028125263,1.0,0.637464021381579,0.9033215848757024,0.5758350100956465,0.08227280173757065,0.2552991365131579,0.5745428927661702,0.1466803044129751,0.05783700192053067,0.10723684210526316,0,0.0,0,0.012795473744872173,0.17306354228211077,0.11905637176854438,0.03363388332097154,0.3505000804124498,0.011950809295950948,49671,0.6659821626301061,0.036987136622988866,0.11950809099760494,0,0.3505000812442679,194560,760,0.44636271833197066,0.8579050164473684,40,1.0
109,2,0.10622105941953008,0.37903905220016615,1.0,0.6823910361842105,0.9106474616188047,0.6214176649325772,0.057339779429419556,0.2235608552631579,0.5726578508599488,0.12802387891141206,0.04626934604327145,0.09404810855263158,0,0.0,0,0.012164422437643608,0.16746568405314496,0.11329518579632829,0.03285585192473311,0.33675663531419364,0.010975491102343719,43496,0.6088146036417141,0.03694606174861914,0.10975490906030724,0,0.3367566347710396,194560,760,0.46034717987242496,0.8728669819078947,40,1.0
110,2,0.10550524823068501,0.41317591116653485,1.0,0.6143297697368421,0.9101597820514457,0.559138249331399,0.08816559410801059,0.27271278782894737,0.6094844721559731,0.16621420954010988,0.06437784718030966,0.11295744243421052,0,0.0,0,0.015099290296845874,0.17575640259800773,0.12818473259379204,0.03185053329914809,0.3635640772048225,0.01267311841702873,53059,0.666861418421003,0.03673313070872897,0.12673118205643014,0,0.3635640769804779,194560,760,0.39689209731785874,0.7531712582236842,40,1.0
111,2,0.10478609179760852,0.4477357683661733,1.0,0.6148694490131579,0.9121918508282231,0.5608789007130422,0.07632631178804379,0.26454050164473686,0.5867732126051449,0.15522528001425887,0.06222618604752873,0.12059004934210527,0,0.0,0,0.017820776106466502,0.17968276361689756,0.13362853688089862,0.03336428259548388,0.3778689756904388,0.013372616490692293,51469,0.6235209543608774,0.03666721343209869,0.13372616271831486,0,0.37786897582639206,194560,760,0.4400335908328232,0.8416169819078947,40,1.0
112,2,0.10406366898390773,0.4825502516487495,1.0,0.6448910361842105,0.9108511648301993,0.5873997514969425,0.0842981345240811,0.25179379111842104,0.5801084703525912,0.14606771100998708,0.05732622575076101,0.10331517269736842,0,0.0,0,0.015363652155563038,0.17048792062621368,0.11830382143931562,0.032567505948245534,0.34843638661109205,0.011713486441754196,48989,0.6340402947600482,0.03714909477061347,0.11713486241274758,0,0.3484363867264045,194560,760,0.4274678664772134,0.8167506167763158,40,1.0
113,2,0.10333805901138504,0.5174497483512503,1.0,0.6509611430921053,0.9135623676499351,0.5946936031313319,0.07089768422730758,0.24324629934210526,0.5743537023717047,0.13970941261535413,0.05361072876870534,0.10579255756578948,0,0.0,0,0.015035901366278076,0.17343551092045872,0.12269975535424524,0.033823852584158126,0.3567644641458556,0.011769443920715467,47326,0.613024553099776,0.03644036904075428,0.11769443723912301,0,0.3567644638450522,194560,760,0.4556422682773126,0.8634046052631579,40,1.0
114,2,0.10260934145135085,0.5522642316338265,1.0,0.6369397615131579,0.9095075249649811,0.5793015060456176,0.07482174063609962,0.25198910361842103,0.573463146585452,0.14450646426626726,0.05472177113651445,0.11107113486842106,0,0.0,0,0.011946140764599765,0.17163393634714577,0.11575557518456327,0.03105496684775541,0.3427805618585185,0.012389942714454313,49027,0.6603912130050789,0.03652805649234276,0.12389942505641988,0,0.34278056219612296,194560,760,0.44985221983178664,0.8520405016447369,40,1.0
115,2,0.1018775962158975,0.5868240888334652,1.0,0.6309056332236842,0.9020618594448636,0.5691159086399957,0.06835678516623662,0.25540193256578947,0.5627609420649392,0.14373023217592976,0.057010588839674664,0.11369243421052631,0,0.0,0,0.013657744438081097,0.1794394401735381,0.12883867970667778,0.03209508966850607,0.3667707612021753,0.012739807215372198,49691,0.5912137006701415,0.03627888449026566,0.12739807005579534,0,0.3667707614306557,194560,760,0.45898993040778135,0.8634097450657895,40,1.0
116,2,0.10114290354913615,0.6209609477998338,1.0,0.6186472039473684,0.9096342328736419,0.562742674782088,0.0901238224003464,0.26394428453947366,0.5859933519652182,0.1546695960293475,0.06235241580166315,0.1174085115131579,0,0.0,0,0.016997672114858257,0.1806687604635954,0.13072574980262863,0.03250147246608609,0.3738793869122654,0.012985732065097086,51353,0.617568593850408,0.03653518874688368,0.12985731846603907,0,0.3738793872688946,194560,760,0.44195237612645877,0.8468904194078948,40,1.0
117,2,0.10040534401839685,0.6545084971874738,1.0,0.6454307154605263,0.9135536726978749,0.5896356005809809,0.07478312575534035,0.2495579769736842,0.5786263782345503,0.1444008283758242,0.05575843731762449,0.10501130756578947,0,0.0,0,0.011572973986652581,0.17103044903395992,0.12264733857132103,0.0297657326354008,0.34718228433247483,0.012165790105140522,48554,0.6183218684351444,0.03663261932271876,0.12165789931620422,0,0.3471822837073552,194560,760,0.4501928680625401,0.8489823190789474,40,1.0
118,2,0.09966499850539375,0.687303296707956,1.0,0.6084498355263158,0.9044747314092214,0.5503275015636494,0.0909939256199562,0.27469675164473684,0.5763052665838212,0.1583091846863298,0.06476752745220438,0.11685341282894737,0,0.0,0,0.013040591614117147,0.17810119517931813,0.12977981306122321,0.030555878789409206,0.3641286237248584,0.012651145080790708,53445,0.6317335578632238,0.03640674414897436,0.126511448749194,0,0.36412862300088533,194560,760,0.4378160663733357,0.8279451069078947,40,1.0
119,2,0.09892194819735525,0.7191855733945388,1.0,0.6399157072368421,0.9088559705656397,0.5815912111809379,0.0807159742009581,0.2533614309210526,0.5795584986958295,0.14683777053203237,0.055834025375569536,0.10672286184210526,0,0.0,0,0.012156608461334959,0.17593731649808195,0.1260055387441657,0.03073058330502949,0.3564846438162433,0.011654596807631222,49294,0.6244979104962064,0.03666360316503989,0.11654596623817556,0,0.35648464309541805,194560,760,0.43585307902019277,0.8392166940789474,40,1.0
120,2,0.09817627457812106,0.7499999999999999,1.0,0.6074732730263158,0.9157908322070998,0.5563184542483405,0.08846564048680623,0.2751798930921053,0.6008435262884081,0.16534005732912765,0.06323700405069088,0.11734683388157895,0,0.0,0,0.01682980433221306,0.1748771938740423,0.1268800656311214,0.03132981688568466,0.3621449614195368,0.012228080696475348,53539,0.6929528007620613,0.03660539891570806,0.12228080495015571,0,0.3621449616002409,194560,760,0.42124899739497584,0.8029091282894737,40,1.0
121,2,0.0974280594192065,0.7795964517353733,1.0,0.6505293996710526,0.9042056267373417,0.5882123435406308,0.07459087154926046,0.2477282072368421,0.5712278671712617,0.14150925545806164,0.052359958431732495,0.10174239309210527,0,0.0,0,0.011652071155089958,0.16811288443246955,0.11137671539756028,0.03167071761857523,0.3340056291093137,0.01119324050561868,48198,0.656313539980912,0.036727490143752414,0.11193240316290605,0,0.33400562970261827,194560,760,0.4374094252327555,0.8308028371710526,40,1.0
122,2,0.09667738477083537,0.8078307376628291,1.0,0.6014340049342105,0.9078348537380357,0.5460027519025301,0.07842736111978363,0.2757555509868421,0.5798772275531168,0.15990436438863215,0.06394385909416565,0.12281044407894737,0,0.0,0,0.015616239049306483,0.17678621128005417,0.1276752402270703,0.031076603780843714,0.36427790526242465,0.013123610925149957,53651,0.6423552217106857,0.03628821362692274,0.13123610704941185,0,0.3642779047747976,194560,760,0.4227862559258938,0.8023694490131579,40,1.0
123,2,0.0959243329529422,0.8345653031794289,1.0,0.6594315378289474,0.916207899906926,0.6041763844066544,0.06817865859606842,0.23901624177631578,0.5723793823724203,0.1368079688449047,0.05147109152565367,0.10155222039473684,0,0.0,0,0.011953823987201568,0.1716926132966029,0.11217840774180858,0.029936955998602664,0.33710681212730526,0.011345011103089506,46503,0.642625206975894,0.03647105161492762,0.11345010917927874,0,0.3371068123531969,194560,760,0.44222593311416475,0.8375462582236842,40,1.0
124,2,0.09516898654614493,0.8596699001693255,1.0,0.5906455592105263,0.9105435857746602,0.537808525405432,0.09136965922692693,0.28299753289473684,0.593320106619971,0.16790812639029404,0.06574767332916197,0.12635690789473683,0,0.0,0,0.014868114879553966,0.1766890720513306,0.13264216260102235,0.03022547588536614,0.36752004068781385,0.013095215270540824,55060,0.6533054849255358,0.03639378152591617,0.13095215060012905,0,0.3675200406265886,194560,760,0.4179439054900094,0.7986071134868421,40,1.0
125,2,0.09441142838268907,0.883022221559489,1.0,0.6351613898026316,0.9138056077036254,0.5804140397984731,0.07396157672873845,0.25484683388157897,0.5795048273862559,0.14768497047847823,0.05648815968000379,0.10999177631578948,0,0.0,0,0.013072405624782396,0.17914042017961804,0.12361470846165168,0.031047980910853333,0.3583564919467532,0.011480976769847698,49583,0.6243268862311679,0.03642680129330409,0.11480976575495382,0,0.35835649214292825,194560,760,0.4520731550494307,0.8647563733552631,40,1.0
126,2,0.09365174153736408,0.9045084971874735,1.0,0.6137232730263158,0.9068636110798829,0.5565633035804096,0.07310577368388246,0.26866262335526314,0.5808681325402898,0.15605755631174695,0.05673693582403327,0.11761410361842105,0,0.0,0,0.011350233943697899,0.1737326112624846,0.12088603410183599,0.030046603475746357,0.34859689004415967,0.012581407260394802,52271,0.6720169883874424,0.03658910700071015,0.1258140707682622,0,0.3485968899962149,194560,760,0.4258084096406635,0.8200298108552632,40,1.0
127,2,0.09289000931839357,0.9240240480782129,1.0,0.6410773026315789,0.9060060669189007,0.5808199255482147,0.07939601901820616,0.2514391447368421,0.5830538453962212,0.14660256022195284,0.05279384618625045,0.10748355263157895,0,0.0,0,0.01076624681460855,0.16734541839870967,0.11888494626864006,0.029519401755380002,0.33768265683557774,0.011166643598239477,48920,0.6786794766966476,0.03674576058493633,0.11166643416018862,0,0.337682655728177,194560,760,0.41768370755016804,0.8004111842105263,40,1.0
128,2,0.09212631525829919,0.9414737964294635,1.0,0.6186112253289474,0.9099748431851318,0.5629206527612711,0.08306883255289377,0.26801500822368424,0.5898947820097411,0.15810065485144917,0.05786128925943845,0.11337376644736842,0,0.0,0,0.010814940000119877,0.1757136894095885,0.11772607343369408,0.02676644980319237,0.34283688488312974,0.011815732236534945,52145,0.6904592961933071,0.03647352539885201,0.11815732039609238,0,0.34283688407587376,194560,760,0.4027093358141811,0.7699886924342105,40,1.0
129,2,0.09136074310474071,0.9567727288213005,1.0,0.6347604851973684,0.9147927942142331,0.580674317910483,0.08070278761932921,0.2540244654605263,0.5811241076306775,0.14761974080710819,0.05637639647251681,0.11121504934210526,0,0.0,0,0.011009480376455221,0.17464669860507312,0.12215609127214473,0.02721597744249984,0.34681032614603235,0.01178207844985943,49423,0.6521457620945713,0.03644379044539834,0.11782078241047106,0,0.3468103263331087,194560,760,0.4300705263685239,0.8071957236842106,40,1.0
130,2,0.09059337681133195,0.9698463103929543,1.0,0.6256630345394737,0.913706138602128,0.5716721553551524,0.07125729709606324,0.26058799342105265,0.5815081956212572,0.15153405385484037,0.05682253328789222,0.11374897203947368,0,0.0,0,0.013871805824754502,0.17552048563957215,0.11958388701620462,0.030639341432405147,0.3515182631447112,0.011902743231774749,50700,0.6611439842209073,0.036113556866583074,0.11902743041221249,0,0.35151826282472987,194560,760,0.43398738391697406,0.8263414884868421,40,1.0
131,2,0.08982430052843443,0.9806308479691593,1.0,0.6265881990131579,0.9043807182965689,0.5666742854996731,0.09777244037954676,0.26290090460526316,0.583987700629211,0.1535308947737672,0.061008511178538595,0.11051089638157895,0,0.0,0,0.01123607872639121,0.16837598273628637,0.1163104380922098,0.02831138288308131,0.33595872417420125,0.011724841736232568,51150,0.7027565982404692,0.036699972409558926,0.11724841546659406,0,0.33595872362585444,194560,760,0.42833847030997274,0.8203690378289473,40,1.0
132,2,0.08905359859392936,0.989073800366903,1.0,0.6307257401315789,0.9067161660528805,0.5718892249229707,0.08157254553669574,0.25797183388157896,0.585789203691301,0.15111711514427473,0.05772646563127637,0.1113024259868421,0,0.0,0,0.008831456818198172,0.16706270321615432,0.1128349803902797,0.027362965784574814,0.32752456511252886,0.011432458903321898,50191,0.6745830925863202,0.03674245906111441,0.11432458711297888,0,0.32752456576808503,194560,760,0.4146471350600845,0.78408203125,40,1.0
133,2,0.08828135552396875,0.9951340343707852,1.0,0.6446751644736842,0.9044677580361328,0.5830879006730882,0.07362708250722406,0.25124897203947366,0.5737816632956,0.1441620530781189,0.05263936370121021,0.1040758634868421,0,0.0,0,0.009537926282332352,0.17105125995646966,0.11202192986629118,0.02794410063051864,0.33124109155696047,0.010685874821348605,48883,0.664443671624082,0.03651235826117428,0.106858746325107,0,0.33124109157606174,194560,760,0.42879560848599985,0.8116981907894737,40,1.0
134,2,0.08750765600370766,0.9987820251299121,1.0,0.6330900493421052,0.9158602570574587,0.5798220153309797,0.07433516779105719,0.25513466282894737,0.5868030132651125,0.1497137889364048,0.054328280392004866,0.11177528782894737,0,0.0,0,0.011001445083590959,0.17351269197503202,0.11980251697333236,0.028189196717974385,0.34410849698185064,0.0116026462319209,49639,0.6334333890690788,0.03638482407519692,0.11602646034505022,0,0.3441084969004518,194560,760,0.4118224690227132,0.77841796875,40,1.0
135,2,0.08673258487801729,1.0,1.0,0.6434210526315789,0.9069546819464561,0.5835537361471277,0.07442766433201828,0.2513928865131579,0.5784640397304276,0.14542174469189426,0.054240284230265966,0.10518606085526316,0,0.0,0,0.009472847923959643,0.16778031084686518,0.11363306007789153,0.028200320936739447,0.3304740168678032,0.0113874770823474,48911,0.6533499621761976,0.036401552202081994,0.11387476898533733,0,0.33047401624682704,194560,760,0.4305112919721164,0.8090666118421053,40,1.0
136,3,0.08595622714218089,1.0,1.0,0.6376079358552632,0.9010533727838511,0.5745187811161342,0.08232898447956694,0.2516344572368421,0.5741457455863097,0.14447485306545307,0.05617445904369417,0.11075760690789474,0,0.0,0,0.011192032038180562,0.17345190174681577,0.11791518664134568,0.028135855068501674,0.34186230421195724,0.011167328717113522,48958,0.6351158135544752,0.036381686920006026,0.1116732854003969,0,0.34186230468514717,194560,760,0.4399747019927753,0.8371402138157895,40,1.0
137,3,0.08517866793257282,1.0,1.0,0.6096988075657894,0.895497954094853,0.545984034789236,0.0802268262744244,0.27198807565789473,0.571529167553317,0.15544911846518517,0.05698073947017914,0.11831311677631579,0,0.0,0,0.008966953194880932,0.17726115193217992,0.1160554009783817,0.027173006158126026,0.34174106069103705,0.01228454842746846,52918,0.6871763861068068,0.03637751641340162,0.12284548232625973,0,0.3417410599557977,194560,760,0.4229177732412752,0.8012489720394737,40,1.0
138,3,0.08439999251732279,1.0,1.0,0.647717927631579,0.9002801058765745,0.5831275644663133,0.07960836353626004,0.24859169407894738,0.5660030034479361,0.14070364548089473,0.053258655203114215,0.10369037828947368,0,0.0,0,0.013822692100458018,0.1709936939866135,0.12258692711199584,0.03024437941806881,0.34907805771920764,0.01143036510207151,48366,0.6286440888227267,0.03640858663834239,0.1143036490649377,0,0.34907805839259376,194560,760,0.44111272394657136,0.8445261101973685,40,1.0
139,3,0.083620286286965,1.0,1.0,0.6469829358552631,0.9118735284784918,0.5899666125837125,0.07195550862356628,0.24502467105263157,0.5684071719436402,0.13927378032944704,0.05037547870857739,0.10799239309210526,0,0.0,0,0.010553294733989261,0.16645141518429707,0.10889686933767638,0.028493491246512067,0.3256559407847434,0.011260870282268642,47672,0.6768543379761705,0.03651810973196438,0.11260870100048027,0,0.3256559407436534,194560,760,0.4427814369138918,0.8481805098684211,40,1.0
140,3,0.08283963474507404,1.0,1.0,0.6794253700657895,0.9110664968670458,0.619001691788435,0.06206876883607995,0.22338610197368422,0.5656201258184479,0.1263516751044479,0.04504503965788325,0.09718852796052632,0,0.0,0,0.008312479481882244,0.16038168194262606,0.1086033079993764,0.026353218700540693,0.31405952934805287,0.010408841223627525,43462,0.608485573604528,0.03641088797563785,0.1040884105390624,0,0.3140595285319968,194560,760,0.4429970493049998,0.8259560032894737,40,1.0
141,3,0.08205812349888861,1.0,1.0,0.6401983963815789,0.9104718345571589,0.5828826084340873,0.07175046390559721,0.25206620065789476,0.5802825696948379,0.14626962265097782,0.053105016944831926,0.10773540296052632,0,0.0,0,0.008651956074984474,0.1701950326267826,0.11348147504031658,0.02640139703883937,0.330248837421639,0.011518976640716,49042,0.6626361078259451,0.03658616253615994,0.11518976455554367,0,0.3302488378788296,194560,760,0.4149093679691616,0.7879009046052632,40,1.0
142,3,0.08127583824992367,1.0,1.0,0.6484323601973684,0.8976632684575762,0.58207391182843,0.0771786450255221,0.24695723684210527,0.5607238431354781,0.13847481093222375,0.05518807394209465,0.10461040296052632,0,0.0,0,0.009638217549869104,0.17090838374079842,0.11415048148483038,0.028355276910097975,0.33394896891225423,0.010896609226658352,48048,0.6491217116217116,0.03647218943132382,0.10896609054976387,0,0.3339489688018435,194560,760,0.44600466634882124,0.8473375822368421,40,1.0
143,3,0.08049286478457238,1.0,1.0,0.65234375,0.9101275003110427,0.5937159865310317,0.09703221357133436,0.24276829769736843,0.5762937419704713,0.1399058507118178,0.05264325111883839,0.10488795230263158,0,0.0,0,0.009812654398334225,0.1692463790801795,0.11302603517021788,0.025963211106626614,0.32864433408210114,0.010596054326742887,47233,0.6730887303368408,0.03627951549562185,0.10596054134596335,0,0.3286443339758798,194560,760,0.4235324656688853,0.8018760279605263,40,1.0
144,3,0.07970928896469849,1.0,1.0,0.6484169407894737,0.9083302380933664,0.5889767142110749,0.08285146554025184,0.2506373355263158,0.5843438377001748,0.14645838251239376,0.05139726504536444,0.10094572368421052,0,0.0,0,0.011821804287664188,0.16996493168959492,0.1149972077263029,0.027924565682677847,0.33539019251829716,0.010681683132057323,48764,0.673201542121237,0.036617604652909856,0.10681682962826208,0,0.3353901927212351,194560,760,0.41703657854936627,0.8035927220394737,40,1.0
145,3,0.07892519671822079,1.0,1.0,0.6576171875,0.9099434135298313,0.5983944283896371,0.06684091984122796,0.24027035361842106,0.5735723372691226,0.13781242830139634,0.04825449756064795,0.10211245888157895,0,0.0,0,0.010130714926689459,0.16458312902403505,0.10954488765350298,0.026624368395852416,0.32133833074855683,0.01045523074847695,46747,0.6684707040023958,0.0362116798170303,0.10455230585250415,0,0.3213383309150997,194560,760,0.4303060228887357,0.8176912006578947,40,1.0
146,3,0.07814067402969,1.0,1.0,0.6556229440789474,0.9076897125275243,0.5951022016374689,0.08546286282178603,0.24357010690789474,0.576363211159677,0.14038484895994005,0.05332357576362005,0.1008069490131579,0,0.0,0,0.013732196914114817,0.16799524838202878,0.11600516366429235,0.02838942915397255,0.33651651577850944,0.010394477664100888,47389,0.6520711557534449,0.036557050676722276,0.10394477475630609,0,0.3365165151655674,194560,760,0.42413351498544216,0.8121504934210526,40,1.0
147,3,0.0773558069308596,1.0,1.0,0.6377312911184211,0.8934566983844056,0.5697852938190887,0.07876546704823054,0.25303762335526314,0.5691584683779919,0.14401850615088876,0.052733506047853124,0.10923108552631579,0,0.0,0,0.0114437210858389,0.16551143942694915,0.10905211068885891,0.02858363709951702,0.32516101643009615,0.010570108128932158,49231,0.6598890942698706,0.03632633744886047,0.10570107947446798,0,0.32516101649717283,194560,760,0.4394293049252347,0.8483655427631579,40,1.0
148,3,0.07657068149125179,1.0,1.0,0.6661235608552631,0.9063924511761512,0.6037693671097881,0.06696577314072975,0.23507401315789472,0.5684138103675775,0.13361931553747702,0.04700568313220222,0.09880242598684211,0,0.0,0,0.007793259795519254,0.16165269126037235,0.09896062442444657,0.026426835283637047,0.3050681195116302,0.010234708747654957,45736,0.6851714185761764,0.03662453622214104,0.1023470857278689,0,0.305068120399588,194560,760,0.43066134166560677,0.8222296463815789,40,1.0
149,3,0.07578538380871845,1.0,1.0,0.6601665296052631,0.9141546553426146,0.6034943063400293,0.05883051888330987,0.23365028782894737,0.5715586839710015,0.13354485102095887,0.04604841609191346,0.10618318256578947,0,0.0,0,0.008263632643808562,0.16692125107112685,0.10684241093695164,0.02403958157685242,0.3166143703756633,0.010547494146923877,45459,0.6450207879627796,0.03628895817030417,0.10547493970217674,0,0.31661437061664305,194560,760,0.42711960526281284,0.8018349095394737,40,1.0
150,3,0.075,1.0,1.0,0.6829409950657894,0.9089073118049196,0.6207300639466236,0.05906608191465861,0.22155119243421054,0.5594747437580101,0.12395229661641152,0.043912927087665976,0.0955078125,0,0.0,0,0.006825434134799779,0.16248465019621347,0.10113515807315707,0.025686338083132323,0.3059755544743032,0.009843973987000553,43105,0.6421760816610602,0.03665594433581359,0.09843973812990282,0,0.30597555294240775,194560,760,0.44590150560987624,0.8519479851973685,40,1.0
151,3,0.07421461619128154,1.0,1.0,0.6535618832236842,0.9081735303387941,0.5935476027821239,0.06738664931035601,0.23972553453947368,0.568404116129293,0.13626098057353184,0.04872249909676611,0.1067125822368421,0,0.0,0,0.00913815111604268,0.16741283016867545,0.11050022749083215,0.026174864759178545,0.32368724650724057,0.010461172972511696,46641,0.6733775004824082,0.03616358038822287,0.10461172790413624,0,0.32368724645164454,194560,760,0.43398973510453576,0.81630859375,40,1.0
152,3,0.07342931850874826,1.0,1.0,0.6953793174342106,0.9104106725696259,0.633080752076287,0.05243766521238477,0.2096165707236842,0.5497526181053134,0.11523725855360298,0.04307119549730008,0.09500411184210526,0,0.0,0,0.008118730654601485,0.1614847215872846,0.10080928815479734,0.02606602853850315,0.30653231371836703,0.010053544783180482,40783,0.5935070985459627,0.036130204228194136,0.10053544592014269,0,0.3065323128904167,194560,760,0.4656536419532801,0.8787623355263158,40,1.0
153,3,0.07264419306914036,1.0,1.0,0.6699938322368421,0.9054136498798876,0.6066215610425724,0.05487013324991016,0.22401315789473683,0.5496021830169114,0.12311812060345945,0.044242183065752644,0.10599300986842106,0,0.0,0,0.007998581592829922,0.16395041093622384,0.10519868321594243,0.02585505486907144,0.313340281775837,0.010337551161769385,43584,0.6160747063142438,0.03613603122924504,0.10337550991557931,0,0.3133402830283893,194560,760,0.4688955904621827,0.8904810855263158,40,1.0
154,3,0.07185932597031004,1.0,1.0,0.6738589638157895,0.8992691237311861,0.60598055990903,0.06532394709770176,0.22817639802631579,0.5549392831558074,0.12662404675379788,0.04542460927960316,0.09796463815789473,0,0.0,0,0.007706455739121577,0.15739934895383684,0.10105693517007718,0.02504551294406778,0.301330048239868,0.010121795432764645,44394,0.6656755417398748,0.036509459480447204,0.10121795258141662,0,0.3013300474929182,194560,760,0.4549214056055797,0.852770353618421,40,1.0
155,3,0.07107480328177922,1.0,1.0,0.6825760690789474,0.9047930540481038,0.6175900861620903,0.08251226286336437,0.22409539473684212,0.5722799411388713,0.1282452993094921,0.046738437006225514,0.09332853618421053,0,0.0,0,0.009116706717874254,0.16107852480521329,0.10872861321794948,0.02427926373324896,0.31253707085588284,0.009333962381596825,43600,0.6649770642201834,0.03633395321177025,0.09333962218737916,0,0.3125370701088717,194560,760,0.4286304401723962,0.8050729851973685,40,1.0
156,3,0.07029071103530152,1.0,1.0,0.6646844161184211,0.9069056150202911,0.6028060291942797,0.07744094737143697,0.23656455592105263,0.5822982386214965,0.13775112423310545,0.04968397120170075,0.09875102796052632,0,0.0,0,0.009520986950672905,0.16305928030296377,0.10712364910072401,0.024487666789638374,0.31430003057671313,0.010108447432714072,46026,0.6872202668057185,0.036421278741602836,0.10108447268997368,0,0.3143000304502876,194560,760,0.41333082257524917,0.787890625,40,1.0
157,3,0.06950713521542762,1.0,1.0,0.6576274671052632,0.9054113083894663,0.595423345424627,0.08188985293841382,0.24190481085526316,0.5845392799802963,0.1414028639611053,0.04973524887433373,0.10046772203947368,0,0.0,0,0.007612438988527222,0.16551312551294503,0.1058351023808906,0.026304891295731072,0.31533209125023476,0.010066533072140851,47065,0.6926590884946351,0.036659017308173995,0.10066532907321264,0,0.3153320914526519,194560,760,0.4137212373904492,0.7953536184210527,40,1.0
158,3,0.06872416175007631,1.0,1.0,0.6769222861842106,0.9029689472003438,0.6112398040922065,0.06781951286554287,0.22774979440789472,0.5575648540542367,0.12698528087992025,0.04698505032268402,0.09532791940789474,0,0.0,0,0.008188105128991945,0.15852416260658125,0.10011612512906523,0.026192620627974214,0.30260704768698293,0.009586034194370242,44311,0.6637403804924286,0.036470870556015715,0.09586034023546075,0,0.30260704821465834,194560,760,0.44633191545542916,0.8487561677631579,40,1.0
159,3,0.06794187650111144,1.0,1.0,0.6510485197368421,0.9097088400503794,0.5922645937063192,0.0772976388183643,0.2394788240131579,0.5724232157457768,0.1370832385446288,0.051663842208462915,0.10947265625,0,0.0,0,0.009719373604648833,0.17159538569026872,0.11615253457750536,0.023712872239319907,0.3316973562015597,0.010517190089816914,46593,0.636662159551864,0.036222019477894433,0.105171899075963,0,0.331697355406849,194560,760,0.4423299860993498,0.8307051809210526,40,1.0
160,3,0.06716036525492601,1.0,1.0,0.6637386924342106,0.9128447437778955,0.6058903766305823,0.07810393089679755,0.2299753289473684,0.563424924980991,0.12957383245964976,0.04995080724444338,0.10628597861842105,0,0.0,0,0.010279664532917147,0.1646160153868167,0.11280939113593808,0.026502683615606086,0.3246418382481313,0.010434083576853338,44744,0.6135124262470946,0.03608825978773989,0.10434083403823408,0,0.32464183794432566,194560,760,0.4490616673701688,0.8438219572368421,40,1.0
161,3,0.06637971371303501,1.0,1.0,0.656969572368421,0.9094694065648501,0.5974937271130712,0.07096954975797991,0.23899568256578949,0.5680711818368473,0.13576655984905206,0.04985724904721505,0.10403474506578947,0,0.0,0,0.008097680748055848,0.16855234265523522,0.10982577093435746,0.024813601043271395,0.3218380164535867,0.01054862107266672,46499,0.6294543968687498,0.03620935650052209,0.10548620903864503,0,0.3218380171707586,194560,760,0.442033052542492,0.8271844161184211,40,1.0
162,3,0.06560000748267719,1.0,1.0,0.6599352384868421,0.9031490470705414,0.596019881767662,0.07714494016131779,0.240234375,0.5652055798099241,0.13578180921214975,0.049776614089128805,0.0998303865131579,0,0.0,0,0.00854741788042654,0.1587529788872129,0.10447388136465298,0.02482698455452919,0.3067797660637926,0.01017850337697095,46740,0.6702610183996577,0.03640967880032565,0.10178503226488829,0,0.3067797660239433,194560,760,0.43417256013735345,0.8190378289473684,40,1.0
163,3,0.06482133206742717,1.0,1.0,0.6566560444078947,0.9065145061202307,0.595268229787287,0.08380251283310108,0.2415758634868421,0.5760302579249984,0.13915500695277985,0.049635538361402914,0.10176809210526316,0,0.0,0,0.007581994874367649,0.16220652803190444,0.09881670133480312,0.02503438371380693,0.3035150815126575,0.00987547355777535,47001,0.7218357056232846,0.03646396345115806,0.09875473390872541,0,0.3035150821957933,194560,760,0.42327548724256064,0.8038394325657895,40,1.0
164,3,0.06404377285781913,1.0,1.0,0.664879728618421,0.9036850509223038,0.6008418714137453,0.07362497532188794,0.23543379934210526,0.5546885516733778,0.13059243317203303,0.05037856950902527,0.09968647203947369,0,0.0,0,0.008785237683638881,0.16482738590750254,0.10661960985315473,0.026310990737064888,0.31630472425258055,0.009761500071219512,45806,0.6466838405449068,0.03639096282912712,0.09761499895371105,0,0.31630472499681145,194560,760,0.44767858317415965,0.8437088815789474,40,1.0
165,3,0.0632674151219827,1.0,1.0,0.6743061266447369,0.9076225343160934,0.6120154355701647,0.07271941833896563,0.22820723684210525,0.5659506157174841,0.1291540262019752,0.0453917345338452,0.09748663651315789,0,0.0,0,0.006728962116712386,0.15787200462073087,0.10186944776704829,0.025149997141408295,0.30106596822015586,0.009445556574256012,44400,0.661981981981982,0.03655906854393451,0.09445556394363705,0,0.3010659678986198,194560,760,0.4286987039407617,0.8163034539473685,40,1.0
166,3,0.06249234399629232,1.0,1.0,0.6746556332236842,0.9093253415641936,0.613481464119334,0.06515872986300995,0.22694284539473683,0.5770089945434828,0.13094806304005416,0.04432151380093082,0.09840152138157894,0,0.0,0,0.0070647109355042245,0.15876664363436008,0.09854629223332985,0.02345495539276224,0.2974405433373575,0.009607941141401075,44154,0.6904244236082802,0.036585662239476256,0.09607940974008096,0,0.29744054257477587,194560,760,0.415530092288789,0.7923005756578947,40,1.0
167,3,0.061718644476031245,1.0,1.0,0.6625668174342105,0.8978341800701622,0.5948751352727413,0.06476930716430376,0.22896278782894736,0.5519309753568512,0.1263716548068547,0.04737669003447273,0.1084703947368421,0,0.0,0,0.007560850473007457,0.16579086078624977,0.10979256569898051,0.02466660625448352,0.31806809305689776,0.01025720984417651,44547,0.5937773587446966,0.03652374043962673,0.1025720967371997,0,0.3180680932183015,194560,760,0.45339863343458425,0.8575503700657895,40,1.0
168,3,0.06094640140607064,1.0,1.0,0.67666015625,0.9004596177310551,0.609305145630711,0.062457448824639675,0.22693770559210527,0.5539160111621506,0.12570442866386944,0.044051891343521055,0.09640213815789474,0,0.0,0,0.006214274404192111,0.158766238543352,0.0974702508433869,0.024282915817671703,0.29621608116900655,0.0094824015604038,44153,0.6526396847326342,0.03648640631551021,0.09482401388844378,0,0.29621608025933566,194560,760,0.4373579071932717,0.8304276315789474,40,1.0
169,3,0.06017569947156553,1.0,1.0,0.6677271792763158,0.8987896288016503,0.6001462636025329,0.07743432833139148,0.2306126644736842,0.5527091526438912,0.1274617303702,0.04898055778620274,0.10166015625,0,0.0,0,0.0076510260868848205,0.15957657631584687,0.1031909695336301,0.02587540590841519,0.3060532885138711,0.009759310669094128,44868,0.6647499331372024,0.036571298323963816,0.09759310511382002,0,0.30605328772217033,194560,760,0.45142239843936344,0.8602076480263158,40,1.0
170,3,0.059406623188668045,1.0,1.0,0.6724095394736842,0.9094658505622818,0.6115335137436264,0.08133850644073008,0.23309004934210525,0.5776387354294547,0.13464184134316287,0.04775082977047484,0.09450041118421053,0,0.0,0,0.007697770993016955,0.15715955721312447,0.09887208133494775,0.023910531646719104,0.29698573625922253,0.009345795071414231,45350,0.697883131201764,0.03664375698978179,0.09345794897526502,0,0.2969857365285095,194560,760,0.40892665333261613,0.776624177631579,40,1.0
171,3,0.058639256895259305,1.0,1.0,0.6898488898026316,0.9016964963424691,0.6220343269407749,0.05489382984079911,0.21392886513157894,0.5423323285785323,0.116020539576972,0.042683665968759575,0.09622224506578947,0,0.0,0,0.007197146085979368,0.15961030225612616,0.10467023879632746,0.02466555280120749,0.3052318310876389,0.009088591147998445,41622,0.5934601893229542,0.036237680990444984,0.09088590982321061,0,0.3052318310659183,194560,760,0.46485633787355923,0.8896484375,40,1.0
172,3,0.05787368474170082,1.0,1.0,0.6860043174342105,0.9043542669172923,0.6203909315953129,0.06609545602113939,0.21970086348684212,0.558711786467592,0.12274946192720611,0.04372193103496867,0.09429481907894736,0,0.0,0,0.007316258246091342,0.158067918059073,0.09429720977664385,0.024274730827463297,0.2932030657191736,0.009246948809902135,42745,0.6737864077669903,0.0365617612572877,0.09246948625108128,0,0.29320306543652946,194560,760,0.43825236858898087,0.8178865131578947,40,1.0
173,3,0.05710999068160644,1.0,1.0,0.6767989309210526,0.901490770794011,0.6101279899085823,0.07086993337081941,0.22588404605263157,0.5631442483936003,0.12720530133841462,0.04686641308515774,0.09731702302631579,0,0.0,0,0.007668722956900877,0.15516122997689405,0.09693898642680755,0.02196200355887413,0.2910873932282649,0.009356450308788273,43948,0.7044689178119596,0.03645621391601468,0.09356450158857593,0,0.2910873934822647,194560,760,0.43026098603088603,0.8045641447368421,40,1.0
174,3,0.0563482584626359,1.0,1.0,0.6355777138157894,0.8985787844692217,0.571116649516319,0.08927798442983706,0.2528268914473684,0.5721336140625843,0.1446507631359916,0.05235068723681922,0.1115953947368421,0,0.0,0,0.008478430402656638,0.16817131022873677,0.11855715420342197,0.02495526329663239,0.3306156373819977,0.010453479250549878,49190,0.6509046554177679,0.03639616754004046,0.10453479058158241,0,0.3306156366083183,194560,760,0.4224882769545442,0.8061112253289474,40,1.0
175,3,0.05558857161731095,1.0,1.0,0.6664884868421053,0.9039370729610093,0.6024636519582648,0.07654602631166774,0.23460629111842105,0.5669530454007359,0.13301075121976044,0.04761919666228718,0.09890522203947369,0,0.0,0,0.008486260922386702,0.1623847272051008,0.10424587083245186,0.02507240435402644,0.30978209120077443,0.009592827886808663,45645,0.6601380216891226,0.03645465510750288,0.09592827722234161,0,0.3097820913909297,194560,760,0.4355383223020717,0.84013671875,40,1.0
176,3,0.05483101345385508,1.0,1.0,0.6485402960526315,0.9091232815565785,0.5896030821690433,0.07267985500511713,0.24501953125,0.5763787867371695,0.141224060148785,0.048569959019751925,0.10644017269736843,0,0.0,0,0.006756851278776977,0.16347718855464144,0.10308115852898674,0.023278495352715256,0.3068879387999416,0.010294245084821197,47671,0.6953703509471167,0.0364943504627598,0.10294244902110414,0,0.3068879378077231,194560,760,0.40052500200506885,0.7574784128289473,40,1.0
177,3,0.054075667047057796,1.0,1.0,0.6874383223684211,0.9063747157982656,0.6230767140655141,0.0637991719851638,0.22206003289473683,0.5662051478686922,0.12573153376089116,0.04103984487500336,0.09050164473684211,0,0.0,0,0.006247186686270748,0.1554376538058645,0.08981432959829506,0.024302131704201823,0.28458594553082217,0.008784643736190015,43204,0.7134293121007315,0.036707278821421295,0.08784643580744925,0,0.2845859442200316,194560,760,0.4081927733005662,0.7789627878289473,40,1.0
178,3,0.053322615229164615,1.0,1.0,0.6981034128289474,0.9028881325180422,0.6303092867136002,0.06410463422959621,0.21185752467105262,0.5525551818656639,0.11706297307422286,0.04306142654600798,0.0900390625,0,0.0,0,0.007713023913751577,0.153215314898836,0.09613675486271907,0.023778604370983024,0.2894830966559331,0.00863939860964341,41219,0.6667556224071424,0.03656426341714043,0.08639398464491885,0,0.28948309639174685,194560,760,0.4307554041868762,0.8176295230263158,40,1.0
179,3,0.0525719405807935,1.0,1.0,0.6625102796052632,0.9044219919089973,0.5991888667407789,0.07372157595389964,0.23391755756578947,0.5684198146415306,0.1329633747129456,0.04682702126814739,0.10357216282894736,0,0.0,0,0.0065241130077323,0.15806232696693195,0.10201697115737357,0.023018914675830233,0.29919268331096793,0.009570357503099857,45511,0.6800993166487223,0.03656171859291039,0.09570357343181968,0,0.29919268286934025,194560,760,0.4030187185265516,0.7678762335526316,40,1.0
180,3,0.05182372542187895,1.0,1.0,0.6756476151315789,0.9046775361920545,0.6112432197912743,0.06530463246591879,0.22335526315789472,0.5478843920404676,0.1223728625643018,0.046076191792044,0.10099712171052631,0,0.0,0,0.008721016554505025,0.16633244961696236,0.1110527377477602,0.0246734810836221,0.32029863471392006,0.009518949711070347,43456,0.5887104197349042,0.036121295735632115,0.0951894954778254,0,0.32029863483223475,194560,760,0.4604809629289727,0.8766293174342106,40,1.0
181,3,0.051078051802644756,1.0,1.0,0.7158819901315789,0.912896547347495,0.653526197099372,0.05244232323510866,0.20168585526315788,0.5700553799987933,0.1149721068624211,0.037987621165321846,0.08243215460526315,0,0.0,0,0.006511319932446656,0.14488863017606107,0.08955435764632727,0.022148591632905758,0.27141161597970304,0.00830871659196227,39240,0.6697757390417941,0.03672758307504027,0.08308716431554211,0,0.27141161539444797,194560,760,0.4375568624389799,0.8117290296052632,40,1.0
182,3,0.05033500149460627,1.0,1.0,0.6449938322368421,0.9019597506996208,0.5817584761271352,0.07285390599250892,0.2419150904605263,0.5644516568112272,0.136549373618082,0.051544093377398036,0.11309107730263158,0,0.0,0,0.006919295211302692,0.16145319625441182,0.11326361485070696,0.022957840287371686,0.3147011737640576,0.010107227160264493,47067,0.60843053519451,0.03623660646477028,0.10107227002123469,0,0.31470117243497,194560,760,0.43113669762878043,0.8097861842105263,40,1.0
183,3,0.04959465598160314,1.0,1.0,0.6908665707236842,0.9059220401897444,0.6258712532488924,0.06800763297544204,0.21943359375,0.5738199726471347,0.12591537876348746,0.0414883052384922,0.08969983552631579,0,0.0,0,0.006466215772410291,0.15427552642006623,0.097793199560654,0.023037058297348655,0.29039916983531405,0.008827169784834903,42693,0.676668306279718,0.036682132376652014,0.0882716962577481,0,0.2903991705787025,194560,760,0.4255238382832,0.8072471217105263,40,1.0
184,3,0.04885709645086387,1.0,1.0,0.6943719161184211,0.9040351969384476,0.627736651936644,0.062482867878861724,0.21373869243421054,0.5648340866544778,0.12072689912379965,0.0412723436436959,0.09188939144736842,0,0.0,0,0.006957792381313323,0.149788911317132,0.08903852057349133,0.0234363002408492,0.27782026284713585,0.008598738334349994,41585,0.6993387038595648,0.03677749125483005,0.08598738170081847,0,0.27782026294030643,194560,760,0.4140819380746076,0.7901624177631579,40,1.0
185,3,0.0481224037841025,1.0,1.0,0.6794613486842105,0.9062905255458824,0.6157893827871272,0.06434196686543721,0.22371504934210526,0.5599488003455623,0.1252689734983601,0.044236874030167725,0.09682360197368421,0,0.0,0,0.005849202624468537,0.1581287205023201,0.0977591679578549,0.02521710061713269,0.29580010766819836,0.00884591596642215,43526,0.6529430685107752,0.03657133249860061,0.08845915816430198,0,0.2958001071097035,194560,760,0.420199580412162,0.8090203536184211,40,1.0
186,3,0.04739065854864917,1.0,1.0,0.6646227384868421,0.9012578143186549,0.5989964366351304,0.07498436953051407,0.23268400493421051,0.5664250496507063,0.13179804904778536,0.04598734647121378,0.10269325657894737,0,0.0,0,0.006360616355232196,0.15721983533646716,0.09631999840861873,0.021952745146853365,0.2915497414058145,0.009696546158643047,45271,0.705816085352654,0.03636292130441258,0.0969654598126286,0,0.2915497417414659,194560,760,0.4167357291830213,0.7832956414473684,40,1.0
187,3,0.04666194098861496,1.0,1.0,0.6798365542763158,0.9030359181075902,0.6139168269540134,0.07280712314072604,0.22504111842105262,0.5528850261262886,0.1244218646377129,0.04507638353817655,0.09512232730263158,0,0.0,0,0.0058847006272500085,0.1542499713109512,0.09450294279346341,0.02304701963145482,0.2866558098704186,0.00897117550729921,43784,0.6590535355380961,0.03669741424780927,0.0897117535436624,0,0.28665580973029137,194560,760,0.43300817052000445,0.8306126644736842,40,1.0
188,3,0.04593633101609228,1.0,1.0,0.6780119243421052,0.9017721863500883,0.6114122953854109,0.08749785217621951,0.2277086759868421,0.5621816034314648,0.1280136285815388,0.04674707288719027,0.09427939967105263,0,0.0,0,0.006583387879455634,0.15390287756331658,0.09727391315330015,0.024012637555991347,0.29055083615544536,0.008778020003381626,44303,0.6980791368530348,0.036563519888410445,0.08778019852348064,0,0.29055083598941567,194560,760,0.430102408638126,0.8222759046052631,40,1.0
189,3,0.04521390820239145,1.0,1.0,0.6387078536184211,0.8968517932736669,0.5728262838956557,0.08041858457543544,0.24814453125,0.5585019489851618,0.13858920433313437,0.0531618542675125,0.11314761513157895,0,0.0,0,0.006876052910918492,0.16743477267752352,0.10877545129654831,0.023258358196992627,0.3164109486150463,0.010066313533063389,48279,0.6553988276476315,0.03617230170945588,0.1006631334753413,0,0.31641094747342563,194560,760,0.4309358016440743,0.8096885279605263,40,1.0
190,3,0.044494751769314986,1.0,1.0,0.6803865131578948,0.9064860080256306,0.6167608542269782,0.06372387491987626,0.2199424342105263,0.5473007415918395,0.12037465735093543,0.04272421236811696,0.09967105263157895,0,0.0,0,0.005287962096611552,0.15618662387132645,0.09434433158879217,0.022600856929233203,0.28769427123278885,0.009274496746825447,42792,0.6294167134043747,0.036449199998261114,0.09274496581209334,0,0.2876942718695653,194560,760,0.445349786646272,0.8425113075657895,40,1.0
191,3,0.043778940580469924,1.0,1.0,0.6599660773026316,0.9035849479093654,0.5963354135814466,0.09257981049779214,0.24057360197368421,0.5723969881256356,0.1377036051922723,0.049553158722425765,0.09946032072368421,0,0.0,0,0.0067001470639584835,0.16393724200560858,0.10320415620839125,0.02330037553843699,0.30626854707724355,0.009126626260848225,46806,0.6794855360423877,0.036462839589895386,0.0912662610362627,0,0.3062685457303336,194560,760,0.41592460939366566,0.7929944490131579,40,1.0
192,3,0.04306655313261955,1.0,1.0,0.7019222861842105,0.9054411169169191,0.6355492987915089,0.05829259524808118,0.20938013980263157,0.5481389830529574,0.11476941690290053,0.04188151049525722,0.08869757401315789,0,0.0,0,0.0066339285826344215,0.1520074679369205,0.09351673933775409,0.024954225117046584,0.28556696421083055,0.008454603236474978,40737,0.6050273706949456,0.036441555972162046,0.08454603074902767,0,0.285566964608274,194560,760,0.4535330060869455,0.86484375,40,1.0
193,3,0.042357667547075435,1.0,1.0,0.6685444078947368,0.9076768810132149,0.6068223029767212,0.07909662980145138,0.23341385690789473,0.570371988441115,0.1331327256942658,0.04977723974734545,0.09804173519736842,0,0.0,0,0.006024746181126255,0.16016865786361068,0.09729574423185304,0.02222634663511264,0.294558863780426,0.008843368868723413,45413,0.6821174553541938,0.036632395633741426,0.08843368707028659,0,0.2945588646358565,194560,760,0.4108275644285114,0.7776881167763158,40,1.0
194,3,0.04165236156113045,1.0,1.0,0.6790810032894737,0.9029280721046816,0.6131613011030774,0.06759284077132562,0.22618215460526317,0.5624826542817424,0.12722353867353184,0.04306984543984168,0.09473684210526316,0,0.0,0,0.005566811687956368,0.16112758898617405,0.09347611068208751,0.022975251364864804,0.2918734990341871,0.008727736313104336,44006,0.6907239921828842,0.03651864635513017,0.08727736160355179,0,0.2918734977708051,194560,760,0.41576725483724947,0.7966385690789474,40,1.0
195,3,0.04095071251953399,1.0,1.0,0.6744037828947368,0.9030443418935585,0.609016520294704,0.06958999239202393,0.22564247532894738,0.5602892086920316,0.12642504394936718,0.04631049233415213,0.09995374177631579,0,0.0,0,0.006095056115813541,0.1554035390629188,0.09458687759347652,0.022389393685091484,0.28749734076829836,0.00902247431099807,43901,0.6885036787316917,0.03653336027146954,0.09022474155124081,0,0.287497340789751,194560,760,0.4163093333181582,0.7896021792763158,40,1.0
196,3,0.04025279736601038,1.0,1.0,0.6993832236842106,0.9063452577610567,0.6338826681438245,0.057697661666469155,0.20868112664473684,0.5553675374827131,0.11589472342380568,0.0407013645365001,0.09193564967105264,0,0.0,0,0.004771607895427702,0.15527092960025918,0.09135040946084222,0.023089451972199117,0.282820557096198,0.008338158167469757,40601,0.6403290559345829,0.03648054250270912,0.0833815800369178,0,0.2828205564206368,194560,760,0.4267474138226948,0.8085834703947369,40,1.0
197,3,0.039558692634820966,1.0,1.0,0.7055869654605263,0.8993651129195785,0.6345803008659889,0.058316020660813116,0.20579769736842105,0.5489139059266368,0.11296521789320793,0.03878434527003648,0.08861533717105263,0,0.0,0,0.0050559570430012074,0.1507216495608813,0.0885016689849037,0.02262878657367669,0.2751277613588823,0.008219699196419433,40040,0.6467032967032967,0.036406678838753384,0.08219699023389503,0,0.27512776099733616,194560,760,0.44075224611319996,0.8274928042763158,40,1.0
198,3,0.03886847444237134,1.0,1.0,0.6732216282894737,0.9007198281725077,0.6063840693549106,0.0667324528980412,0.22540604440789475,0.5513593508870772,0.12427973033076053,0.045206736816142346,0.10137232730263158,0,0.0,0,0.007420224569011082,0.15992138123041705,0.10500194375207157,0.022900881018293535,0.30416884123966154,0.008924410669868321,43855,0.6163721354463573,0.03614205147973017,0.08924410507377041,0,0.30416884122318344,194560,760,0.4417508948006128,0.8340666118421053,40,1.0
199,3,0.03818221847886444,1.0,1.0,0.6884457236842105,0.9124724960509419,0.6281877878857286,0.06248060585930944,0.21788137335526317,0.5667438299881842,0.12348292401844733,0.04130604995328835,0.09367290296052631,0,0.0,0,0.005974641230989762,0.15194771129539922,0.09142190550674538,0.021429538860132817,0.27955548383897527,0.008781686945708076,42391,0.6717699511688802,0.03644094434321711,0.0878168678695434,0,0.2795554840349053,194560,760,0.4214464551524112,0.787366365131579,40,1.0
200,3,0.03749999999999999,1.0,1.0,0.685546875,0.8993047581242378,0.6165155666047021,0.058976150711532685,0.21766550164473683,0.5486677479058805,0.11942604058422149,0.04280665185253479,0.09678762335526316,0,0.0,0,0.005657357363509761,0.1539722633695132,0.09459140519121367,0.023159776847613486,0.2862788133163658,0.008898010544515656,42349,0.6293418970932018,0.036236874636654794,0.08898010400712097,0,0.2862788133127125,194560,760,0.4358593707610118,0.8190378289473684,40,1.0
201,3,0.03682189381872215,1.0,1.0,0.6843595805921052,0.8978962234831586,0.6144838829181696,0.07194989193108325,0.22002981085526316,0.5464415860667861,0.12023343882572494,0.04335238555642335,0.09561060855263158,0,0.0,0,0.005081089442108733,0.15533980633083141,0.09224510972241037,0.022494670991834845,0.28388961764342013,0.008728941156234788,42809,0.6457287019084772,0.03652527193097692,0.08728941008448601,0,0.28388961755523556,194560,760,0.4348507381779583,0.8235094572368421,40,1.0
202,3,0.036147974297015245,1.0,1.0,0.6930150082236842,0.9064210586155724,0.6281633973905915,0.05990203566493859,0.2147923519736842,0.5616774389691888,0.12064401816674754,0.04099434959138498,0.09219263980263158,0,0.0,0,0.004728702253832077,0.15526172672643473,0.09060823961749281,0.02172604127541969,0.2807353946234721,0.008410684750292842,41790,0.6605407992342666,0.03643502620489974,0.08410684576650199,0,0.2807353947899843,194560,760,0.40682290633650203,0.7793174342105263,40,1.0
203,3,0.03547831533774918,1.0,1.0,0.6988332648026315,0.908069914306937,0.6345894628841626,0.06265164029809009,0.21165707236842105,0.5642195545046464,0.11942105907946825,0.04166664024202251,0.08950966282894737,0,0.0,0,0.005387623569511465,0.14876057725693834,0.08859799254538589,0.02116516768148071,0.2719759221800824,0.008064561126765943,41180,0.6825643516270034,0.036460475687329706,0.0806456098725137,0,0.27197592288843897,194560,760,0.4181376243892469,0.7865131578947369,40,1.0
204,3,0.03481299037657526,1.0,1.0,0.6800370065789474,0.9068291555109943,0.6166773843922113,0.0705969416953035,0.22138157894736843,0.5596224419429433,0.12389009981171081,0.04376986041223924,0.09858141447368421,0,0.0,0,0.0059339706689091765,0.16216187562401357,0.10205352853640522,0.02159076486174998,0.30058950998868617,0.008849370297608211,43072,0.616572251114413,0.036398728917303835,0.08849370148719142,0,0.30058950927892797,194560,760,0.41550741146661735,0.7812345805921053,40,1.0
205,3,0.034152072373872994,1.0,1.0,0.6654451069078947,0.9066431579290488,0.6033212531554072,0.06985240245703608,0.23223684210526316,0.5574947644985432,0.12947082359735904,0.0463242273361079,0.1023180509868421,0,0.0,0,0.005291767972084927,0.15746723711490632,0.09261524514540245,0.021210964634818467,0.28555341880234714,0.00896820393513496,45184,0.6718528682719547,0.036402404999458474,0.0896820376921249,0,0.2855534192566809,194560,760,0.4133561401186805,0.7755345394736842,40,1.0
206,3,0.03349563380674919,1.0,1.0,0.6774516858552632,0.9054676907236454,0.6134106135682056,0.07778629866048792,0.2295384457236842,0.5746042324448751,0.1318937624216472,0.043547339279106576,0.09300986842105263,0,0.0,0,0.00539980999777694,0.15435647213537443,0.09199145511773071,0.021616800107846137,0.281612335775602,0.008247798416873833,44659,0.7136523433126581,0.036811968551850635,0.08247798278339599,0,0.2816123355572161,194560,760,0.3982357251604921,0.7553196957236842,40,1.0
207,3,0.03284374666109022,1.0,1.0,0.70361328125,0.897098446655162,0.6312103816553166,0.06949958508821989,0.20860916940789473,0.5491892941191282,0.11456592249389934,0.03935270183229525,0.08777754934210526,0,0.0,0,0.0047538865790748355,0.1458332092599257,0.08976497437045174,0.02154632311314344,0.2698876098513918,0.00798921652879615,40587,0.6556286495675956,0.03667969988462956,0.07989216381193776,0,0.2698876092014344,194560,760,0.4349818196931952,0.8247841282894737,40,1.0
208,3,0.032196482423667634,1.0,1.0,0.7114566200657895,0.8964073509706687,0.6377549441237199,0.05709051524172537,0.20340768914473684,0.5479713345959604,0.11146158288772169,0.03916059966125575,0.08513569078947368,0,0.0,0,0.004744071233749549,0.14589924773593482,0.08081641413492004,0.023348305984155132,0.26236978086542584,0.007561741776666359,39575,0.6562728995578017,0.03668057857277362,0.07561741632066275,0,0.2623697808698604,194560,760,0.4355284033637298,0.8360043174342106,40,1.0
209,3,0.03155391207429908,1.0,1.0,0.68125,0.9093966258429836,0.6195264513555326,0.06582242471876701,0.22115542763157894,0.5637164635652502,0.12466895556273429,0.0428026026445686,0.09759457236842105,0,0.0,0,0.005093555233945249,0.15756206973210762,0.09345329263688702,0.021621327023757138,0.2864142917470752,0.008684047120378206,43028,0.6621037463976945,0.03646008615921202,0.08684046956661501,0,0.28641429196454976,194560,760,0.4023263967546977,0.7553196957236842,40,1.0
210,3,0.030916106078064515,1.0,1.0,0.6978001644736842,0.9087677811737569,0.6341383071714326,0.06329678885369121,0.21319387335526316,0.5602636246922742,0.11944477224820539,0.041385775246951535,0.08900596217105264,0,0.0,0,0.0049203509502388585,0.15455613676458596,0.08766832328646591,0.02337692446026363,0.27858021785445375,0.008058482392899398,41479,0.652281877576605,0.03666339638691984,0.08058482248238043,0,0.27858021804376654,194560,760,0.4133500211332974,0.7958213404605263,40,1.0
211,3,0.03028313437757881,1.0,1.0,0.6698344983552632,0.9049778557893589,0.6061853880552869,0.07869759623304401,0.23426192434210527,0.5764694742407563,0.13504484836012126,0.04724333580387266,0.09590357730263158,0,0.0,0,0.0055350470087432765,0.16375175739981626,0.0940714659806537,0.02165776441658014,0.2934865605803344,0.008470525774541066,45578,0.701939532230462,0.03666085028824838,0.08470525607270629,0,0.2934865595674829,194560,760,0.38539031620480513,0.735582853618421,40,1.0
212,3,0.029655066385321883,1.0,1.0,0.7104440789473684,0.9159387689399034,0.6507232750716962,0.05368353709621404,0.20252878289473683,0.5678119431315504,0.11499826175552842,0.03823665848467499,0.08702713815789474,0,0.0,0,0.00525199606184431,0.15159082757309078,0.08772768764511535,0.020247978131825987,0.2724837237509813,0.007665234339104867,39404,0.6542736777992082,0.036470245643469845,0.0766523419585275,0,0.2724837237674939,194560,760,0.4092378935727634,0.7678659539473685,40,1.0
213,3,0.029031970976026774,1.0,1.0,0.7080489309210526,0.9130599845547621,0.6464911459307922,0.06573069077383384,0.2067639802631579,0.575747427924248,0.11904382982389315,0.03885629844612834,0.08518708881578947,0,0.0,0,0.00451122334868016,0.15240490026281853,0.08691955446510723,0.022263736097436208,0.27367930132109136,0.0075798871470492725,40228,0.6726658049120016,0.036647033215941566,0.0757988702407793,0,0.2736793022406729,194560,760,0.3921580540114327,0.7486687911184211,40,1.0
214,3,0.028413916479126722,1.0,1.0,0.7058490953947368,0.9089243920590884,0.6415634599171187,0.06257316689987323,0.2052991365131579,0.5622587393792746,0.11543123369154178,0.039563604454681475,0.08885176809210527,0,0.0,0,0.004961008502792346,0.151334635540843,0.08706625765679699,0.0220229970095189,0.2731455452564804,0.007760646546529116,39943,0.6667501189194602,0.036580378106354096,0.07760646412835309,0,0.2731455457445822,194560,760,0.40456333360389657,0.76875,40,1.0
215,3,0.027800970671262203,1.0,1.0,0.6974557976973684,0.9048695285365068,0.631106498837471,0.06901431233487337,0.21410875822368422,0.5661900720848829,0.12122625325267253,0.040794180587277205,0.08843544407894736,0,0.0,0,0.004470489372186804,0.15351949394925646,0.08548438713493708,0.020736214847941147,0.2721034993961956,0.00789291409187411,41657,0.6785654271791055,0.03676893622369359,0.07892913951195385,0,0.27210349905255593,194560,760,0.39019583871490077,0.7487715871710526,40,1.0
216,3,0.027193200768848267,1.0,1.0,0.6952045641447369,0.9133098090891574,0.6349371477569404,0.05895739483928896,0.2121864720394737,0.5684562154603156,0.12061871886743526,0.04229338550449986,0.09260896381578948,0,0.0,0,0.005670592214952003,0.1527652851354919,0.09101944769438552,0.019976561466526044,0.27757418779351467,0.0081423012821592,41283,0.6497589806942325,0.03661668625121054,0.08142301135353353,0,0.2775741884386853,194560,760,0.4034631524431078,0.7657175164473684,40,1.0
217,3,0.026590673420703727,1.0,1.0,0.7161646792763158,0.9089746665151061,0.650975550515087,0.05302383201993316,0.19962479440789474,0.5658984483707921,0.112967361411766,0.036264582072985115,0.08421052631578947,0,0.0,0,0.0045315283140792565,0.14398321353977447,0.08158954415274294,0.020743503803877458,0.2584624983347327,0.007614708524258611,38839,0.6624526893071397,0.03687820827686473,0.0761470839136133,0,0.2584624975919724,194560,760,0.39754326033749077,0.7581979851973685,40,1.0
218,3,0.025993454700742113,1.0,1.0,0.6993883634868421,0.9114521784067292,0.6374590474523996,0.06838822695855541,0.2123046875,0.5681957472890466,0.12063062056703003,0.041954888043140896,0.0883069490131579,0,0.0,0,0.0053410166976774285,0.15425668440661147,0.09218034766933048,0.021602963613052122,0.28111836051549244,0.007737348128820916,41306,0.6427637631336852,0.03675295935551587,0.07737348000273893,0,0.2811183604166696,194560,760,0.4077576058083459,0.7671515213815789,40,1.0
219,3,0.025401610100726096,1.0,1.0,0.7216745476973684,0.9146784583190093,0.6601001626958972,0.04637749368067537,0.1953844572368421,0.5556450554201515,0.10856440756960135,0.03591404388793499,0.08294099506578947,0,0.0,0,0.0049889921958981035,0.14426908514609463,0.08311657351809308,0.021571618708732882,0.26143474631239716,0.007488476743578519,38014,0.622639027726627,0.03667477265882649,0.0748847660878183,0,0.26143474679832396,194560,760,0.4142146687954664,0.7803505345394737,40,1.0
220,3,0.02481520452308563,1.0,1.0,0.6969469572368421,0.9155657854939504,0.638100788350168,0.060584656875212924,0.21263363486842105,0.5627740174524732,0.11966468494042362,0.04159563924798644,0.09041940789473685,0,0.0,0,0.004028560963725843,0.14946040412116993,0.08557510517880712,0.02033011836538974,0.26736550669000475,0.007971318060912095,41370,0.650132946579647,0.03669208458771831,0.07971317912697008,0,0.26736550628158606,194560,760,0.4101205100942599,0.7629060444078948,40,1.0
221,3,0.024234302273800454,1.0,1.0,0.7210783305921052,0.9100249024137939,0.6561992374297819,0.04304781560939246,0.19291221217105264,0.5383407974644625,0.10385251414079807,0.035682696628531345,0.0860094572368421,0,0.0,0,0.003867377986439112,0.14144535770051572,0.08257854720087428,0.020964888840129505,0.25653745084489377,0.007681279116935146,37533,0.5965417099619001,0.03648405218692986,0.07681278986856341,0,0.2565374510852914,194560,760,0.43793934138589785,0.8243883634868421,40,1.0
222,3,0.023658967055348343,1.0,1.0,0.7040501644736842,0.9084539179245665,0.639597130331554,0.05559565444403377,0.2080129523026316,0.566225264383527,0.11778218891275556,0.03795356806857805,0.08793688322368422,0,0.0,0,0.004043369812624357,0.14428130572563724,0.08026011341717094,0.020822156381450203,0.2572196123392573,0.007812667002374502,40471,0.6787823379703986,0.036811881419271233,0.07812666868496883,0,0.25721961269645316,194560,760,0.3943287770803037,0.7462890625,40,1.0
223,3,0.023089261959719505,1.0,1.0,0.69365234375,0.9009053314172125,0.62491509463442,0.060031290270241074,0.21398540296052632,0.5555308794868192,0.1188754991040026,0.041998817793730846,0.09236225328947369,0,0.0,0,0.004256673853179611,0.15491259280396136,0.08516288268575935,0.021544898131764252,0.27389802896501925,0.00802098149035469,41633,0.6513102586890207,0.03675271931937651,0.08020981351943,0,0.27389802873918884,194560,760,0.41021104884382925,0.7754780016447368,40,1.0
224,3,0.022525249461497584,1.0,1.0,0.7023488898026315,0.9166528537789522,0.643810114186061,0.06400659480867417,0.20948293585526315,0.5787782282047406,0.12124416245343654,0.03996626111482711,0.08816817434210526,0,0.0,0,0.004749247644710857,0.1524631799443772,0.08673802559558107,0.019507633888799898,0.27119487859643415,0.007736791522965129,40757,0.6722035478568099,0.036679165173125895,0.07736791390435475,0,0.27119487822055816,194560,760,0.385642933472991,0.7211759868421053,40,1.0
225,3,0.021966991411008944,1.0,1.0,0.7040861430921053,0.9079920949124656,0.6393046520650387,0.060430348102052354,0.20762746710526317,0.5600895318834838,0.11628997085714027,0.03992345562866448,0.08828638980263158,0,0.0,0,0.0038840922022293518,0.15340060801490357,0.08316158367271878,0.021502196763299015,0.2696672518762276,0.007718771223076864,40396,0.6558570155460937,0.03692102321962777,0.07718771085339157,0,0.26966725228060234,194560,760,0.3954750383174733,0.7589586759868421,40,1.0
226,3,0.021414549027539767,1.0,1.0,0.7304327713815789,0.9031507186823615,0.6596908824224221,0.04875971649767292,0.18888774671052633,0.540689541174441,0.1021296291023885,0.03591489270237568,0.08067948190789474,0,0.0,0,0.0038746691486985104,0.142822141460094,0.07380648110012868,0.02119142845174984,0.24867235243943134,0.006977632278760307,36750,0.6392380952380953,0.03683115446351861,0.06977632157504558,0,0.24867235222145131,194560,760,0.4419792573310827,0.8343184621710527,40,1.0
227,3,0.020867982892622833,1.0,1.0,0.6974095394736842,0.8931932194630329,0.6229214718467311,0.06696852313624205,0.21209395559210525,0.5468779148946281,0.11598950019596439,0.04266284049831723,0.09049650493421052,0,0.0,0,0.005640545565141732,0.15141647312005885,0.08831025965413765,0.02212359202339461,0.27547818352981457,0.007987313167081754,41265,0.6496789046407367,0.0364471448634408,0.07987313016170734,0,0.2754781834977238,194560,760,0.4275116409322149,0.8173365542763158,40,1.0
228,3,0.02032735294339415,1.0,1.0,0.7046412417763158,0.9184365310259914,0.6471682577148864,0.05580467196965688,0.20732421875,0.5744161144093647,0.11909037215733215,0.03908668386100448,0.08803453947368421,0,0.0,0,0.00437070543580615,0.15153441713436655,0.08590687351350329,0.020001544232823347,0.2694562129391737,0.00764267262267439,40337,0.6423382998239829,0.036603380842624524,0.0764267248885804,0,0.26945621282058324,194560,760,0.3837449599057436,0.72333984375,40,1.0
229,3,0.01979271846601995,1.0,1.0,0.7089946546052631,0.9172612827527404,0.6503333463480598,0.05357093078721511,0.20418893914473685,0.5680462877692843,0.11598876888471607,0.04028762866479443,0.08681640625,0,0.0,0,0.005280922417602453,0.1477269060762697,0.08668942749745359,0.019923753220784036,0.26719137596928416,0.007570366757174366,39727,0.6195786241095477,0.03641026349444138,0.07570366623664374,0,0.26719137617435895,194560,760,0.40278267846687843,0.7544921875,40,1.0
230,3,0.019264138089195422,1.0,1.0,0.7119808799342106,0.9045903717045642,0.6440510488262302,0.05210707313013508,0.19942948190789472,0.5444772903005081,0.10858482391524472,0.03863375852509451,0.08858963815789474,0,0.0,0,0.004740852111526214,0.14770545588904305,0.0873694534487042,0.021370191144707958,0.2687105042247123,0.007524551630730888,38801,0.6098296435658874,0.03649002520955707,0.07524551526692352,0,0.2687105040016927,194560,760,0.4270321652097137,0.8081260279605263,40,1.0
231,3,0.01874166977771553,1.0,1.0,0.734703947368421,0.9121685695242556,0.6701738486948766,0.04938720174587185,0.18483244243421051,0.5452609798116025,0.10078191866264924,0.03491080100709376,0.08046361019736842,0,0.0,0,0.003965113723403958,0.14157526770508602,0.07544179606790605,0.021627663501391288,0.24969471534642873,0.007084874348641422,35961,0.622368677178054,0.03668622221601637,0.07084874222545247,0,0.24969471506774427,194560,760,0.4193766041413734,0.79619140625,40,1.0
232,3,0.018225370826118276,1.0,1.0,0.7216488486842105,0.9091633060699087,0.6560966530912801,0.048319513908293296,0.19577508223684212,0.5495720109591555,0.10759250564059537,0.037053882259581436,0.08257606907894736,0,0.0,0,0.0038040714328082302,0.14227361661921206,0.07729017010301743,0.021081393453243537,0.251637708868067,0.007188457259785776,38090,0.6418220005250722,0.03665351729938074,0.071884571336896,0,0.2516377088368723,194560,760,0.4173621748230959,0.7829152960526315,40,1.0
233,3,0.017715297852401824,1.0,1.0,0.7220908717105263,0.8991381974090961,0.6492594847553654,0.05471090907537329,0.19467002467105263,0.5401150817115709,0.1051442162819991,0.03687880379821811,0.08323910361842106,0,0.0,0,0.0038832416425353396,0.14334104049852806,0.0781341279869115,0.02168633365513463,0.25422987399623953,0.007185130213129972,37875,0.6377821782178218,0.0368839716342719,0.07185130088443034,0,0.2542298733795944,194560,760,0.4345545362092947,0.82685546875,40,1.0
234,3,0.017211506791815812,1.0,1.0,0.7162777549342105,0.9171190693584107,0.6569119880073949,0.049125417109921965,0.19653577302631578,0.5662507135203783,0.11128852170843043,0.03797255265158846,0.08718647203947369,0,0.0,0,0.0038176911245835455,0.1462241035444956,0.08090808645233905,0.01962765917280003,0.2580944907335614,0.007516950439343131,38238,0.6352842721899681,0.03670146041794827,0.07516950310060852,0,0.25809449044693455,194560,760,0.38213722862695393,0.7214124177631579,40,1.0
235,3,0.01671405289072718,1.0,1.0,0.7345394736842106,0.9132566965592586,0.6708230932292185,0.05351061379126469,0.1891395970394737,0.5638138359566578,0.10663952173812216,0.035022510938640485,0.07632092927631579,0,0.0,0,0.003955589113090689,0.14098346621582383,0.07614155034167006,0.02093965065910628,0.24890811599454823,0.0068878596648573875,36799,0.6764042501154923,0.037018464182160406,0.06887859547461726,0,0.24890811661944579,194560,760,0.4045050119491,0.7595703125,40,1.0
236,3,0.01622299070056202,1.0,1.0,0.7137592516447369,0.909474882695536,0.6491461116624506,0.05600608629603429,0.20114103618421053,0.5610265434504152,0.11284546027646253,0.03880207061669544,0.08509971217105264,0,0.0,0,0.0037677674096286,0.15044636838138103,0.0783275843720491,0.02089924113334794,0.2606788197616544,0.0072378584652477386,39134,0.6664792763326008,0.03690330119509446,0.07237858343379278,0,0.2606788196257855,194560,760,0.390768705524112,0.7472450657894737,40,1.0
237,3,0.015738374071823234,1.0,1.0,0.7286287006578948,0.9192280852161104,0.6697759653392591,0.050800423243230114,0.19169921875,0.576918424996057,0.11059481135422462,0.03635811539317824,0.07967208059210526,0,0.0,0,0.0038553483921676067,0.14261287546863682,0.0734280352554235,0.01947732476615592,0.24623712735357056,0.006863543471186667,37297,0.6776148215674183,0.03691355689967933,0.06863543344171423,0,0.24623712735544695,194560,760,0.3678264770656824,0.6939915707236842,40,1.0
238,3,0.015260256148185278,1.0,1.0,0.7286955180921053,0.905771810053686,0.6600318584002947,0.048133389727138966,0.18920127467105263,0.550442311269646,0.10414438692509737,0.03718682585382148,0.0821032072368421,0,0.0,0,0.004106686861824097,0.14266351546209893,0.078342481494244,0.02092732228730854,0.25306236321563025,0.007022357110154668,36811,0.6192442476433675,0.037029060319458185,0.07022356983323239,0,0.2530623624395383,194560,760,0.42969053891536435,0.8162006578947368,40,1.0
239,3,0.01478868936066642,1.0,1.0,0.7182719983552631,0.9142998431935396,0.6567159754665275,0.0473494431396064,0.1947522615131579,0.5644442461212175,0.10992679343019661,0.038428171553747045,0.08697574013157895,0,0.0,0,0.003643295968753304,0.14795439762896614,0.07623447297189972,0.0191664018560397,0.25433743810824555,0.007338869682586703,37891,0.6232086775223667,0.0368828804477265,0.07338869563843074,0,0.2543374367156311,194560,760,0.3914277644729928,0.7346833881578947,40,1.0
240,3,0.014323725421878951,1.0,1.0,0.717932771381579,0.9169021561547565,0.6582741060539296,0.05662557458946187,0.19877158717105264,0.5723126704422876,0.11375949786191708,0.03792178201930303,0.08329564144736842,0,0.0,0,0.0037046007517155407,0.15059125363630685,0.07916483676649239,0.019379585581390486,0.26003593924723406,0.007195662511328823,38673,0.6560390970444496,0.037046387899470956,0.07195662392891551,0,0.2600359390538774,194560,760,0.36922263879525036,0.69970703125,40,1.0
241,3,0.013865415320358428,1.0,1.0,0.7413342927631579,0.9108663472448634,0.6752564593365318,0.044474315278134065,0.17892166940789472,0.5404848111110377,0.09670444469359753,0.0351102222228962,0.07974403782894737,0,0.0,0,0.003524799658560752,0.14056203496201258,0.07794144633471181,0.02117141906760241,0.2500594772617325,0.006859777238844943,34811,0.5877739794892419,0.03669604834561285,0.06859777114403091,0,0.2500594771025996,194560,760,0.42705822261540516,0.7988178453947369,40,1.0
242,3,0.013413809314972196,1.0,1.0,0.734215666118421,0.908616609994426,0.667120549553319,0.044708487173959026,0.1853721217105263,0.554500711649724,0.10278897340850611,0.03451158182425915,0.08041221217105263,0,0.0,0,0.0032300488045860364,0.14002256257165419,0.07238160907658503,0.020744972146655386,0.24314207238645683,0.006762879786976172,36066,0.634281594853879,0.036764145671929184,0.06762879675401276,0,0.2431420718466765,194560,760,0.4031330525286888,0.76171875,40,1.0
243,3,0.012968956929407856,1.0,1.0,0.7287520559210526,0.9164260294525757,0.6678473530631316,0.04789578216946929,0.1897717927631579,0.5605621013602097,0.10637887493021002,0.037464055447152964,0.08147615131578947,0,0.0,0,0.003766277602890592,0.14535750468310557,0.07706375654027062,0.019984081025774546,0.25312553490836043,0.006953915056319123,36922,0.6303017171334164,0.03702719838015343,0.0695391493383795,0,0.25312553490266987,194560,760,0.40011317439769445,0.7588610197368421,40,1.0
244,3,0.012530906946742542,1.0,1.0,0.7174907483552632,0.9047447871092701,0.6491460143735535,0.05939764891395737,0.2029553865131579,0.5687646493427021,0.11543384924236881,0.03858511661497974,0.07955386513157894,0,0.0,0,0.0046416710947309375,0.14842303867794965,0.0761625334032272,0.021773040059365725,0.2581131453939873,0.0071128621587137645,39487,0.6848329830070656,0.037192103320634676,0.07112862040337763,0,0.25811314471066,194560,760,0.37194329059045567,0.7186677631578947,40,1.0
245,3,0.012099707404093205,1.0,1.0,0.7438527960526315,0.9090514919103561,0.6762004940133346,0.04929369733007134,0.18112664473684212,0.5529645917634823,0.10015662116439719,0.034778191398608646,0.07502055921052632,0,0.0,0,0.0032326441597481455,0.13853659266115803,0.06839356877424412,0.021741788975502316,0.23824940931503844,0.006344814744385842,35240,0.6648127128263337,0.03725336530785027,0.0634481462699018,0,0.2382494084635063,194560,760,0.3946154856368115,0.7591231496710527,40,1.0
246,3,0.011675405587348866,1.0,1.0,0.7119397615131579,0.9139990459541696,0.6507122627998653,0.052253476313413365,0.20350534539473683,0.5683236855319361,0.11565690792018646,0.03963769318008992,0.08455489309210526,0,0.0,0,0.0037075142342808632,0.1492785823090296,0.07581348627021438,0.0190320132927675,0.2551305390532683,0.007298942946975953,39594,0.6688892256402486,0.03701381804421544,0.07298942818551471,0,0.2551305377855897,194560,760,0.37717032144336327,0.7132504111842105,40,1.0
247,3,0.011258048025985219,1.0,1.0,0.7433747944078948,0.9078093786428406,0.6748426102101803,0.03901504965278467,0.17723067434210527,0.5317371916683815,0.09424014105216454,0.03436546770941564,0.07939453125,0,0.0,0,0.0034694458719872943,0.13627141897909736,0.07260532759889764,0.02204374754115155,0.24116586340876991,0.006775923417636046,34482,0.6059973319413027,0.03667458251216694,0.06775923296073942,0,0.24116586253635194,194560,760,0.43366293303276365,0.8297440378289473,40,1.0
248,3,0.010847680487962004,1.0,1.0,0.7107678865131579,0.9122268138401843,0.6483815244938198,0.05639340578039226,0.20352590460526315,0.5639540584010665,0.11477925989188646,0.04174970715845886,0.08570620888157894,0,0.0,0,0.003818133606967565,0.15401963218066253,0.08093045109294747,0.021442185916790837,0.26739657737326955,0.007186174575901149,39598,0.6399313096621041,0.036868072462905396,0.07186174454951758,0,0.26739657711433734,194560,760,0.38281794160996613,0.7452713815789473,40,1.0
249,3,0.010444347974704237,1.0,1.0,0.7395918996710527,0.9104093550243952,0.6733313843607902,0.04583388269131415,0.18289987664473684,0.5525886704349879,0.10106839965783844,0.03774729068513567,0.07750822368421052,0,0.0,0,0.003534972953466901,0.1424704872267811,0.07419439620877567,0.02050209026195501,0.24735092342770307,0.006648976776724387,35585,0.6110720809329774,0.036876329465916284,0.06648976663862796,0,0.2473509236385948,194560,760,0.41578184872081403,0.7868112664473684,40,1.0
250,3,0.010048094716167116,1.0,1.0,0.7376798930921052,0.9120236807016422,0.6727815312774558,0.04630749718543436,0.18380448190789472,0.5475633125111032,0.100644590967874,0.03675909912409751,0.078515625,0,0.0,0,0.0036402307474130984,0.14138624104426095,0.07240517043361538,0.022099239467398116,0.24620000691582772,0.006669125223140183,35761,0.6158105198400492,0.0369612549480639,0.06669125113832323,0,0.24620000736689882,194560,760,0.4161713830930622,0.7901829769736842,40,1.0
251,3,0.00965896416598578,1.0,1.0,0.712561677631579,0.9163388388984913,0.6529479403244821,0.05082304332969024,0.20152138157894736,0.5603671947855581,0.11292597128470477,0.03984260462396043,0.08591694078947368,0,0.0,0,0.0037727384300715607,0.15399122104833002,0.07984792598229097,0.020271634686934322,0.26522194155647366,0.007338421408846778,39208,0.61352275045909,0.036865894016074506,0.07338421282505518,0,0.2652219418436289,194560,760,0.38515542031903016,0.7370374177631579,40,1.0
252,3,0.009276998996710233,1.0,1.0,0.752600740131579,0.9151155236994644,0.6887166204421143,0.03782436020188279,0.17112458881578949,0.532689754974522,0.09115631528639871,0.03374730737169126,0.07627467105263158,0,0.0,0,0.0033429145741760485,0.13886478832481722,0.0718722512651431,0.02070275253175121,0.24137661895247506,0.006593912256587493,33294,0.5550249294167117,0.03671934754146557,0.06593912137721322,0,0.24137661874686417,194560,760,0.4470135144693287,0.8379831414473684,40,1.0
253,3,0.008902241095125591,1.0,1.0,0.7345548930921053,0.924004142442794,0.678731764068729,0.04517146377444365,0.18575246710526316,0.5763338548014292,0.10705543540565199,0.03615693730106087,0.07969263980263158,0,0.0,0,0.0034081027827740306,0.14360099846595212,0.06929426286737189,0.018866492739241375,0.24194866404899298,0.00677880719365356,36140,0.6620641947980077,0.03706303597672989,0.06778807092065874,0,0.24194866388447975,194560,760,0.36279343631314603,0.6840614720394737,40,1.0
254,3,0.008534731557658892,1.0,1.0,0.7454564144736842,0.9212005686985486,0.6867148729531388,0.041273880916598595,0.1768092105263158,0.5576315610214722,0.09859439606876358,0.03436325218644924,0.077734375,0,0.0,0,0.0038566672681650074,0.14502691306958074,0.07248669513011056,0.020399197347854316,0.24835202802362466,0.006582555207914035,34400,0.60625,0.03704068546526526,0.06582555097380752,0,0.2483520279981588,194560,760,0.39631334358924314,0.7610968338815789,40,1.0
255,3,0.008174510685872417,1.0,1.0,0.7276881167763158,0.9097808271421055,0.6620366967822376,0.042235709102456706,0.187890625,0.5443698250630424,0.1022819866622357,0.03721641694244585,0.08442125822368421,0,0.0,0,0.003761645199732524,0.1453281318572791,0.07652956495600703,0.020776806440400454,0.25356330885261597,0.007167160399196865,36556,0.6041415909836962,0.036842473532612385,0.07167160275245184,0,0.2535633089118882,194560,760,0.4110655575402473,0.7848684210526315,40,1.0
256,3,0.00782161798204405,1.0,1.0,0.7338764391447369,0.914570592358992,0.6711818096669097,0.04780400630399144,0.18835834703947368,0.5787599326760967,0.10901426425154664,0.03754723022544854,0.07776521381578948,0,0.0,0,0.003920121290234659,0.14481443705429373,0.07136451610069917,0.019683174992862502,0.24639044541290026,0.006608195974810147,36647,0.6653204900810434,0.03730094118631984,0.06608195870036357,0,0.24639044444223768,194560,760,0.3641708979873281,0.6874588815789474,40,1.0
257,3,0.007476092144835486,1.0,1.0,0.7430818256578947,0.9189593311575625,0.6828619775019193,0.04108010370768361,0.1793688322368421,0.5572989860765093,0.0999620683393196,0.03453650013176038,0.07754934210526315,0,0.0,0,0.0035752268349920325,0.14160242224798392,0.0707276088014049,0.02127125168317243,0.24368691673636358,0.0065104071688103044,34898,0.623760673964124,0.0368918273009752,0.06510407054355662,0,0.24368691639484544,194560,760,0.3866049631645805,0.7184518914473684,40,1.0
258,3,0.007137971065048547,1.0,1.0,0.7076840049342106,0.914913647238229,0.6474697540465154,0.053717855155762086,0.20223067434210526,0.5626009763823233,0.11377517483932408,0.04281370363590357,0.0900853207236842,0,0.0,0,0.004031691622405656,0.16037877573582687,0.08337111706159224,0.02065384379048881,0.27595984679119856,0.007524418580884996,39346,0.6122350429522696,0.036882128796883316,0.07524418444617799,0,0.2759598471224308,194560,760,0.38139617588174973,0.734534333881579,40,1.0
259,3,0.006807291821469861,1.0,1.0,0.7519325657894737,0.9141786428983368,0.6874006925444854,0.04378936514687283,0.17391036184210526,0.5513767812223578,0.09589013553371555,0.03509209889452904,0.07415707236842105,0,0.0,0,0.0035372950655935135,0.14156104056654792,0.06798854032408838,0.021309399437159305,0.24069720372646486,0.006300928333075717,33836,0.6221480080387752,0.03715818793954034,0.06300928225789808,0,0.24069720346872744,194560,760,0.40365059762016725,0.7648951480263158,40,1.0
260,3,0.0064840906768049425,1.0,1.0,0.7342002467105263,0.9197019178561602,0.675245374990137,0.04642489421193635,0.18974095394736842,0.578411581792944,0.10974836530359952,0.038664687709196614,0.07605879934210526,0,0.0,0,0.0035752961217153105,0.14769151999958252,0.07141986745164583,0.020375834134848496,0.24952147248800766,0.006458954780215496,36916,0.6497724563874743,0.03717260283270949,0.06458954673358484,0,0.24952147224623905,194560,760,0.36032279578870846,0.6991519325657894,40,1.0
261,3,0.006168403073701431,1.0,1.0,0.7324013157894737,0.9210637517920939,0.6745883037385187,0.04659490752291228,0.1877724095394737,0.5637664702642601,0.10585978853908416,0.037715519622801556,0.07982627467105263,0,0.0,0,0.0036484317259333023,0.1472210409658912,0.07206088569456418,0.02168391864746809,0.2512838780139435,0.006669600980086742,36533,0.6269126543125394,0.03702847377740239,0.06669600857421756,0,0.25128387735274277,194560,760,0.37895391246205884,0.7237561677631579,40,1.0
262,3,0.005860263630862453,1.0,1.0,0.7520713404605263,0.9249020264003908,0.6955923067895989,0.04447954533817737,0.17396689967105264,0.5630021431415998,0.0979437373505023,0.03581441505321939,0.07396175986842106,0,0.0,0,0.004316731356735354,0.14166914433436958,0.06970940745484672,0.021501280172286853,0.243465467065513,0.006268903747274492,33847,0.6223594410139747,0.03706967379701765,0.06268903642990871,0,0.24346546675813827,194560,760,0.3869678916311578,0.7202919407894737,40,1.0
263,3,0.005559706139250394,1.0,1.0,0.7366827713815789,0.9203971638854598,0.6780407334628858,0.0422235979931429,0.18120888157894738,0.5457307549731543,0.09889125975191985,0.03716272608818192,0.08210834703947369,0,0.0,0,0.004386604094600587,0.1476702233678416,0.0738831633174988,0.022639649863305848,0.2553170773065205,0.006737436663273624,35256,0.5875595643294759,0.03677082243620565,0.06737436534052617,0,0.25531707651128893,194560,760,0.3965203599318078,0.7541786595394737,40,1.0
264,3,0.0052667635583811484,1.0,1.0,0.7325298108552631,0.9207951286641872,0.6745098814368248,0.04184534827853847,0.1858141447368421,0.5532952459756978,0.10281008291793498,0.036460583724424636,0.08165604440789474,0,0.0,0,0.004009262900523792,0.14620971975750044,0.07362667988054454,0.021535443983187803,0.25226029985875353,0.0068791933369969855,36152,0.6009626023456517,0.036834507876713024,0.06879193214699626,0,0.2522603000857328,194560,760,0.3889662976719831,0.7354286595394737,40,1.0
265,3,0.004981468012709869,1.0,1.0,0.7492701480263158,0.9205924780438902,0.6897724622958585,0.04366159555869863,0.17851048519736842,0.5714203574168604,0.10200452525413742,0.036520756642628265,0.07221936677631578,0,0.0,0,0.004098918553637831,0.1436084889855824,0.0667734320447045,0.021865380882824723,0.2425503616738378,0.006204141207088373,34731,0.6580576430278425,0.037409733877958436,0.062041411119954364,0,0.24255036176427414,194560,760,0.36546759623053826,0.7141293174342105,40,1.0
266,3,0.004703850788108141,1.0,1.0,0.7477230674342106,0.924504847685095,0.6912736005688969,0.04296479864768978,0.17877261513157894,0.5720149367408518,0.10226060613548678,0.03531231042978011,0.07350431743421053,0,0.0,0,0.0040674536989459545,0.1432559900377926,0.06911368690382101,0.021598652228713038,0.24432114504191163,0.006285362172638998,34782,0.6464838134667357,0.03731902400031686,0.06285362070622413,0,0.24432114515649644,194560,760,0.35840783632899587,0.6844418174342105,40,1.0
267,3,0.00443394232843309,1.0,1.0,0.7541837993421052,0.9130357291021322,0.6885967551093353,0.03774568212561701,0.17116056743421051,0.5384909777679815,0.09216842131297055,0.03427644732873887,0.07465563322368421,0,0.0,0,0.003541155405209314,0.13874177228855458,0.06674073021736388,0.022785869342716116,0.2380238338612329,0.0062143066073890385,33301,0.5948169724632894,0.03703935407592278,0.06214306505004826,0,0.23802383252860684,194560,760,0.41871818184460463,0.7932308799342105,40,1.0
268,3,0.004171772232188926,1.0,1.0,0.7378803453947368,0.916748897756402,0.6764509933167382,0.04180640127803934,0.18207236842105262,0.5504656403099187,0.10022458286563816,0.03718932055237115,0.08004728618421053,0,0.0,0,0.00378386796920064,0.1447820068974244,0.07090696207443742,0.022914250563634074,0.2489613235153267,0.006574236010630174,35424,0.6138775971093045,0.03701704467009557,0.06574235895991717,0,0.24896132292127923,194560,760,0.3955036118626595,0.7614720394736842,40,1.0
269,3,0.003917369249281083,1.0,1.0,0.7328330592105263,0.9225913276945262,0.6761054250754808,0.04350485664204155,0.1854029605263158,0.5541002021498943,0.10273181790682046,0.037971578121160796,0.0817639802631579,0,0.0,0,0.0044328522998272855,0.14987176654762344,0.073394559529659,0.023772522260091807,0.25829504638119133,0.006823345743989768,36072,0.5922876469283654,0.03703119455787696,0.06823345626655378,0,0.2582950465969349,194560,760,0.39113311638173304,0.7532175164473685,40,1.0
270,3,0.0036707612778634855,1.0,1.0,0.7380191200657895,0.9218311494586403,0.6803290137727009,0.042949067880276984,0.18335731907894737,0.5592739184808857,0.10254696632343295,0.03873518898985104,0.07862356085526316,0,0.0,0,0.004329447260457336,0.147121708041155,0.07183359385664134,0.022668826925127134,0.25263078997083205,0.006677213887451216,35674,0.6223299882267197,0.03700310149181046,0.0667721378028785,0,0.2526307896367813,194560,760,0.3916893368488864,0.74443359375,40,1.0
271,3,0.0034319753612792373,1.0,1.0,0.7577302631578947,0.9223903268284567,0.6989230650820231,0.03503942935035172,0.16910978618421052,0.5452687353806962,0.0922102792531644,0.03377521962576889,0.07315995065789474,0,0.0,0,0.0037554777804823395,0.1386294155087518,0.06493909516077685,0.02250862069820103,0.23599455114971774,0.006161942001505706,32902,0.6090815148015318,0.03724310483391348,0.06161941900653274,0,0.23599455129159125,194560,760,0.41516017480508277,0.7921977796052632,40,1.0
272,3,0.0032010376850949577,1.0,1.0,0.7339432565789473,0.9263343279954582,0.6798768333698574,0.04199175254356018,0.18299239309210527,0.5712502253235376,0.1045344457863585,0.03837023045451037,0.08306435032894736,0,0.0,0,0.003962518748640401,0.15122243563987706,0.07045405408808668,0.02091498483952723,0.2531962552797631,0.006642261963631762,35603,0.6051737213156194,0.03696183319154538,0.06642261852118138,0,0.25319625566664494,194560,760,0.3547195562798726,0.6696391858552632,40,1.0
273,3,0.0029779735742292705,1.0,1.0,0.7349146792763158,0.93028200444806,0.6836779009354742,0.042815160992751386,0.1852025082236842,0.5758701291697126,0.10665259233332779,0.03809196970143699,0.0798828125,0,0.0,0,0.004471747724700866,0.15408093780279158,0.07119052457917285,0.02224224717209214,0.25854125864837485,0.006555801369617448,36033,0.6252879305081454,0.03708795020846944,0.06555801253324668,0,0.2585412588754767,194560,760,0.35217856131494046,0.6795538651315789,40,1.0
274,3,0.0027628074901756413,1.0,1.0,0.7479851973684211,0.9299952561698956,0.6956226852379347,0.03892426750083503,0.17840254934210525,0.5679050684593419,0.1013157119974494,0.03523139029643253,0.07361225328947368,0,0.0,0,0.004219284800331623,0.1472080050134345,0.06904374617151916,0.021575076452603464,0.2484236791671566,0.006377566729267863,34710,0.6046096225871507,0.03717775376219498,0.06377566619040935,0,0.24842367966316248,194560,760,0.37116952016949656,0.6937911184210527,40,1.0
275,3,0.0025555630283198762,1.0,1.0,0.7336245888157895,0.9146791920728808,0.6710311461828257,0.04368032667491781,0.18711451480263158,0.5552476236935157,0.10389488970272635,0.039433458334717314,0.07926089638157895,0,0.0,0,0.004935072279477026,0.15212401019311264,0.07227275368610495,0.024291937510041814,0.2603443476277875,0.0067205739590510925,36405,0.6223320972393902,0.03719221723609065,0.06720573852132809,0,0.2603443470048277,194560,760,0.3804438883340672,0.7454769736842105,40,1.0
276,3,0.002356262915352669,1.0,1.0,0.7393349095394737,0.9193973899670789,0.6797425861421384,0.03923960787513735,0.18112664473684212,0.5483474874604709,0.09932034055359269,0.03892597195961954,0.07953844572368421,0,0.0,0,0.0040895549956124,0.14737125045472854,0.06837642960078819,0.023197399269985527,0.2495658070698923,0.006531172748777623,35240,0.593416572077185,0.03715672913056455,0.06531172635670947,0,0.24956580782799345,194560,760,0.40233166286427724,0.7619603207236842,40,1.0
277,3,0.002164929006777303,1.0,1.0,0.7502210115131579,0.918298355022776,0.688926720776056,0.037112910188979616,0.17508737664473684,0.5615242830268371,0.09831581363748564,0.03725336710187165,0.07469161184210527,0,0.0,0,0.004114053621627758,0.14415200393843022,0.066753528740159,0.022613753378391267,0.24385106444020302,0.006217724761594773,34065,0.6194040804344635,0.03728435367934014,0.062177246549215755,0,0.24385106385146316,194560,760,0.38747061383175224,0.7456208881578947,40,1.0
278,3,0.001981582284512978,1.0,1.0,0.7480674342105263,0.9346811305773511,0.699204515155993,0.036437650915161754,0.17617701480263157,0.5763791361096324,0.10154475559431471,0.03563369059886195,0.0757555509868421,0,0.0,0,0.005177269159819269,0.14662361636169646,0.07025463490403797,0.022884836022398974,0.25131413736198355,0.006373780914030871,34277,0.6170610030049304,0.037236478650256206,0.06373780813852423,0,0.2513141373270436,194560,760,0.3617613818692534,0.6882709703947368,40,1.0
279,3,0.0018062428545939505,1.0,1.0,0.7417608963815789,0.9428556248733257,0.6993734334644518,0.0409488020869168,0.18099300986842104,0.5792657243959703,0.10484304697203793,0.03735949301503991,0.07724609375,0,0.0,0,0.005377345279435088,0.15580630924944816,0.07063618607966131,0.02338246204155056,0.261748401851908,0.00654609920181285,35214,0.6047878684614074,0.03732792198363888,0.06546099100654063,0,0.2617484027813924,194560,760,0.34371400489226767,0.6654913651315789,40,1.0
280,3,0.0016389299449645815,1.0,1.0,0.73779296875,0.9285118528491855,0.6850495164331637,0.040496981567641914,0.18303865131578947,0.5586965785165269,0.10226306822641115,0.03889224835990095,0.07916837993421053,0,0.0,0,0.005163570286592738,0.1561323462691354,0.07290752295551724,0.02309153652308803,0.2641222778362633,0.0068273018019298385,35612,0.596680894080647,0.0371723271661291,0.06827301692315622,0,0.2641222781844829,194560,760,0.3975500327191855,0.7602590460526316,40,1.0
281,3,0.0014796619033708685,1.0,1.0,0.75361328125,0.9429074932617767,0.7105876099122198,0.038622001576310905,0.17373046875,0.5822988056557435,0.10116304445913747,0.034994431749280346,0.07265625,0,0.0,0,0.005794410341293674,0.1529210326997073,0.06801853712746188,0.02374712234657062,0.256632107249262,0.006151004734228512,33801,0.6252773586580279,0.0372668756172061,0.06151004641954052,0,0.2566321076139023,194560,760,0.34884023660499797,0.6618266858552632,40,1.0
282,3,0.0013284561953483542,1.0,1.0,0.7142269736842105,0.9289389736568646,0.663473271892259,0.04455135791795328,0.1980725740131579,0.5629815385892079,0.11151120247025238,0.04193056884687394,0.08770045230263158,0,0.0,0,0.006154915859836987,0.16255180816117085,0.0776891905299731,0.024564928520274792,0.2781930906663183,0.007232247595062577,38537,0.6005397410281028,0.037015996809656684,0.07232247467005723,0,0.2781930910129296,194560,760,0.36535384143261534,0.6930047286184211,40,1.0
283,3,0.001185329402306859,1.0,1.0,0.7335474917763158,0.9289012462004493,0.6813931792582336,0.04246494008448759,0.18583984375,0.5685168910343721,0.10565309019906348,0.041630818557582404,0.08061266447368422,0,0.0,0,0.005893155695153645,0.15955618380715972,0.07091991665626043,0.024906781449129712,0.2680016267314664,0.0067255891237628495,36157,0.6089000746743369,0.037239571327441615,0.06725589009492021,0,0.2680016257260975,194560,760,0.367213022316757,0.7089792351973684,40,1.0
284,3,0.0010502972197121263,1.0,1.0,0.7270713404605263,0.9351283510496526,0.6799050237003126,0.04053836843292964,0.19018811677631578,0.5721196544539898,0.10881035965132085,0.04072509193180227,0.0827405427631579,0,0.0,0,0.006367459976478897,0.16076306197792292,0.07462800515472497,0.02413008064423737,0.2729370608602767,0.007048453106912539,37003,0.6028159878928736,0.0372118782840277,0.07048452989149251,0,0.2729370608533684,194560,760,0.3677978276814285,0.6955180921052632,40,1.0
285,3,0.0009233744553646754,1.0,1.0,0.7377364309210527,0.930562072143274,0.6865095418534781,0.03809626967106995,0.1835988898026316,0.5713264007944265,0.10489489290079004,0.039476312804771096,0.07866467927631579,0,0.0,0,0.005704810337996797,0.15523786344810536,0.07003515179906236,0.024312268115187944,0.2620258718499865,0.006735778149634011,35721,0.6207273032669858,0.037429740701458956,0.06735778046085646,0,0.26202587204936306,194560,760,0.3824413805807892,0.7357062088815789,40,1.0
286,3,0.0008045750277758751,1.0,1.0,0.7473838404605263,0.9442059514762117,0.7056842701999765,0.03695769764630026,0.17691200657894737,0.5895794613010865,0.10430368553651007,0.03624337961235525,0.07570415296052632,0,0.0,0,0.00690437353883968,0.16051519540579695,0.07168265151619715,0.023321275277749492,0.2690334537260749,0.00660995798749163,34420,0.6225450319581639,0.0373535607353245,0.06609957877448515,0,0.26903345368214343,194560,760,0.363534433159389,0.6870682565789473,40,1.0
287,3,0.0006939119646417304,1.0,1.0,0.7303813733552632,0.9386818658704673,0.6855957503381528,0.042929041780237306,0.19002364309210526,0.5879950783005147,0.11173296689889149,0.04253555488784944,0.07959498355263157,0,0.0,0,0.006079540351071812,0.16539454521905433,0.07348680169027495,0.02309621254472356,0.27478187981850505,0.006724780013380376,36971,0.6088014930621298,0.03745536447355622,0.06724779900457514,0,0.2747818797630699,194560,760,0.3580251680589036,0.6815172697368421,40,1.0
288,3,0.0005913974014141678,1.0,1.0,0.7332082648026316,0.9298782002603058,0.6817943816906528,0.03978723170186736,0.1873046875,0.5617348694669174,0.10521557418335425,0.04024798803301038,0.07948704769736842,0,0.0,0,0.006902598779752704,0.16101416277846223,0.07181194166064654,0.02700864472279423,0.27348460338197916,0.006747255440323467,36442,0.6154437187860161,0.037220975776252,0.06747255323846874,0,0.2734846026881745,194560,760,0.40768298512618795,0.77470703125,40,1.0
289,3,0.0004970425799702665,1.0,1.0,0.7177580180921053,0.9442465604873219,0.6777405398456674,0.04221963372914807,0.19661287006578948,0.6001594058205759,0.11799906327536232,0.04383593019416654,0.08562911184210527,0,0.0,0,0.007775055558733201,0.17299305365273826,0.07771840235708576,0.023678766492950292,0.28926138105057797,0.0070961029890704115,38253,0.6157425561393878,0.03728981233741108,0.07096102876392635,0,0.28926137989681017,194560,760,0.3272880088733999,0.6268965871710527,40,1.0
290,3,0.00041085784737950325,1.0,1.0,0.7270559210526316,0.9455534055105985,0.6874702021479606,0.03850915108464266,0.19024465460526316,0.5866277479768579,0.11160279329572069,0.0413935004390384,0.08269942434210527,0,0.0,0,0.009325088922234595,0.16890881656620063,0.07495250126690065,0.025678166939239758,0.2861177584578246,0.00725318476324901,37014,0.6297346949802778,0.03732349562801813,0.07253184631270798,0,0.286117757935273,194560,760,0.3843014055568921,0.7408665707236842,40,1.0
291,3,0.00033285265476900027,1.0,1.0,0.7199064555921053,0.9460403525177798,0.6810605570281807,0.04228623718893351,0.1939915707236842,0.5856951836438259,0.11361992864036247,0.042006027824735566,0.08610197368421052,0,0.0,0,0.009129619872424213,0.17417363976373484,0.07616658044831925,0.02562396012834812,0.2923131837763542,0.0072193835635277395,37743,0.6231354158386986,0.037127965321078114,0.07219383439637328,0,0.2923131842754389,194560,760,0.35826049984285707,0.6739566200657895,40,1.0
292,3,0.0002630355562871722,1.0,1.0,0.7377569901315789,0.9436159380937085,0.6961592543282007,0.037572980292239475,0.18631270559210528,0.5910678003642598,0.11012344107423958,0.038586497186732134,0.0759303042763158,0,0.0,0,0.009871856034825262,0.16286620058511433,0.06996992177477009,0.026473428706981637,0.2758837857340941,0.006702378632402734,36249,0.6652321443350161,0.03756136406016977,0.06702378537799968,0,0.2758837848117477,194560,760,0.35945595934202795,0.6889802631578947,40,1.0
293,3,0.0002014142081656428,1.0,1.0,0.7212325246710526,0.9398754398221466,0.6778687363392428,0.03932207008045608,0.19470600328947368,0.5925282843670191,0.11536881408507102,0.043552899422540675,0.08406147203947369,0,0.0,0,0.009405601564886686,0.17095222144730782,0.07455165204837134,0.02563661704330068,0.28776959689906917,0.007223504795202691,37882,0.6424423208911885,0.037416742256793534,0.07223504668983974,0,0.287769596317881,194560,760,0.3724003928664483,0.7141036184210526,40,1.0
294,3,0.00014799536787963308,1.0,1.0,0.7201994243421053,0.9428309264214148,0.6790262904606368,0.0402743151705516,0.1959755345394737,0.6054929805410353,0.11866181052142852,0.04314886836800724,0.08382504111842105,0,0.0,0,0.009990228510516891,0.17406849585669606,0.07601217432927929,0.025698216286929032,0.2929468352298902,0.007177720246468916,38129,0.6514201788664796,0.03744611237688284,0.07177720140469701,0,0.2929468349406594,194560,760,0.34664079946906945,0.6699372944078947,40,1.0
295,3,0.0001027848934069625,1.0,1.0,0.717444490131579,0.9375971753313076,0.6726739274043786,0.04207970594962765,0.19760485197368421,0.5877223857724256,0.1161367950421807,0.04734781974019777,0.08495065789473684,0,0.0,0,0.011171028684628638,0.18014370638288948,0.07666374412365258,0.02548214319701258,0.3007234375816647,0.007262815193481449,38446,0.6284398897154451,0.03737073002971317,0.07262815075289263,0,0.3007234365140137,194560,760,0.38382105186189475,0.7352693256578947,40,1.0
296,3,9.999999999999999e-05,1.0,1.0,0.7294048108552632,0.9486893614241001,0.6919785842299462,0.03877513305847778,0.19290193256578947,0.6073401779081702,0.11715709404333642,0.04365377232224043,0.07769325657894736,0,0.0,0,0.011670962063362822,0.17033947315067052,0.07480610967613757,0.026576833481851386,0.2902693048015996,0.006875926429577368,37531,0.6623324718232927,0.03749354847853905,0.06875926325783918,0,0.29026930422375075,194560,760,0.35771265604386204,0.7012129934210526,40,1.0
297,3,9.999999999999999e-05,1.0,1.0,0.7281712582236842,0.9415533948392119,0.6856121202048503,0.03879309768641465,0.19296361019736843,0.5950319764013534,0.11481951834928049,0.04105008780392573,0.07886513157894737,0,0.0,0,0.01195577108883299,0.17044077064645918,0.0734257278890398,0.02723110604835184,0.28990585499461496,0.006852479321931146,37543,0.6578323522361026,0.03744155957216495,0.06852479205515824,0,0.28990585502041016,194560,760,0.3580854410403653,0.6888671875,40,1.0
298,3,9.999999999999999e-05,1.0,1.0,0.7218133223684211,0.9455437224383043,0.6825060557377965,0.03964344533650498,0.19554379111842105,0.5968086430678341,0.11670222463772485,0.04242389132881439,0.08264288651315789,0,0.0,0,0.010298645708979549,0.17281772946252635,0.07567221320626374,0.02701726840907022,0.2928829799055759,0.007077123118736046,38045,0.6509922460244447,0.037339689308091215,0.07077122999257163,0,0.29288297936712443,194560,760,0.34537445275407086,0.66796875,40,1.0
299,3,9.999999999999999e-05,1.0,1.0,0.7124074835526316,0.9361062454781336,0.6668890946789792,0.043274538461609106,0.20064247532894736,0.582155542417387,0.11680512905709053,0.044990602399737234,0.08695004111842106,0,0.0,0,0.010899610540946014,0.17635728711948584,0.07669755976009918,0.027771708347687604,0.2990247826815252,0.007298616913306576,39037,0.6421600020493378,0.03727081634202286,0.07298616794869303,0,0.2990247830944626,194560,760,0.36161616450469747,0.6994243421052632,40,1.0
300,3,9.999999999999999e-05,1.0,1.0,0.7134662828947368,0.9424690387504773,0.6724198818206787,0.044569977622871335,0.20044716282894737,0.595911667693526,0.11944880308583379,0.046721757656747576,0.08608655427631579,0,0.0,0,0.009436587994997879,0.17675643067218755,0.07786646766195957,0.025162964935757617,0.2964257677040663,0.007203316439163724,38999,0.630785404753968,0.037236164681809514,0.07203316317479078,0,0.29642576818403443,194560,760,0.3428810215702182,0.6555150082236842,40,1.0
